-63.0015106201
-64.0250778198
-64.6916656494
-64.5574150085
-65.9180107117
-65.8419761658
-66.1422195435
-66.0838508606
-66.4903831482
-66.285243988
 -66.201374054
 -66.5236053467
 -66.5272750854
 -66.5612030029
 -65.9554328918
 -65.7939071655
 -65.2764358521
 -65.4013519287
 -66.846206665
 -66.2410774231
 -66.8268203735
 -68.6591262817
 -67.8144073486
 -67.0666007996
 -67.517490387
 -65.7043304443
 -63.4009742737
 -62.9237098694
 -63.8264808655
 -64.0222167969
 -65.535030365
 -65.7676086426
 -67.2386207581
 -68.4063491821
 -68.734085083
 -68.5214195251
 -68.8806915283
 -68.590045929
 -68.7614212036
 -68.8039627075
 -68.3161354065
 -68.0609130859
 -68.3657608032
 -68.3414802551
 -68.1367149353
 -68.4391822815
 -68.6575393677
 -68.535861969
 -68.2288665771
 -68.5771331787