VX, VY, COL, ROW
-0.316138, 0.548339, 0, 0
-0.371821, 0.53725, 0, 1
-0.339555, 0.56063, 0, 2
-0.302786, 0.583222, 0, 3
-0.261386, 0.604343, 0, 4
-0.21541, 0.623212, 0, 5
-0.16515, 0.638984, 0, 6
-0.111168, 0.650822, 0, 7
-0.0543142, 0.657975, 0, 8
0.00430685, 0.65987, 0, 9
0.0634054, 0.656198, 0, 10
0.121617, 0.646954, 0, 11
0.177618, 0.632456, 0, 12
0.230247, 0.613291, 0, 13
0.278576, 0.59026, 0, 14
0.321957, 0.564272, 0, 15
0.360019, 0.53627, 0, 16
0.392639, 0.507156, 0, 17
0.419885, 0.477755, 0, 18
0.441968, 0.448798, 0, 19
0.459201, 0.420893, 0, 20
0.471939, 0.394565, 0, 21
0.480566, 0.37025, 0, 22
0.485466, 0.348309, 0, 23
0.487005, 0.32905, 0, 24
0.485528, 0.312731, 0, 25
0.481346, 0.299575, 0, 26
0.47475, 0.289746, 0, 27
0.466003, 0.283325, 0, 28
0.455333, 0.28035, 0, 29
0.442949, 0.280757, 0, 30
0.429066, 0.284358, 0, 31
0.413919, 0.290821, 0, 32
0.3978, 0.299669, 0, 33
0.381085, 0.310287, 0, 34
0.364226, 0.322005, 0, 35
0.347763, 0.334122, 0, 36
0.332262, 0.346005, 0, 37
0.318248, 0.357159, 0, 38
0.306145, 0.367243, 0, 39
0.296255, 0.376039, 0, 40
0.288719, 0.383458, 0, 41
0.283538, 0.389501, 0, 42
0.280605, 0.394211, 0, 43
0.279748, 0.39764, 0, 44
0.280734, 0.399878, 0, 45
0.283306, 0.40102, 0, 46
0.287212, 0.401146, 0, 47
0.292217, 0.400327, 0, 48
0.298088, 0.398653, 0, 49
-0.287912, 0.623042, 1, 0
-0.342573, 0.617744, 1, 1
-0.311039, 0.640522, 1, 2
-0.275746, 0.662158, 1, 3
-0.236677, 0.682054, 1, 4
-0.193949, 0.699559, 1, 5
-0.147839, 0.714, 1, 6
-0.0988055, 0.724726, 1, 7
-0.0474793, 0.731157, 1, 8
0.00534877, 0.73284, 1, 9
0.058769, 0.729489, 1, 10
0.111805, 0.721026, 1, 11
0.163474, 0.707588, 1, 12
0.212854, 0.689515, 1, 13
0.25913, 0.667331, 1, 14
0.30164, 0.641695, 1, 15
0.339884, 0.613362, 1, 16
0.373533, 0.583127, 1, 17
0.402417, 0.551794, 1, 18
0.426503, 0.52014, 1, 19
0.445859, 0.488921, 1, 20
0.46065, 0.458812, 1, 21
0.471087, 0.430468, 1, 22
0.477433, 0.404461, 1, 23
0.479955, 0.381338, 1, 24
0.478934, 0.361574, 1, 25
0.474634, 0.3456, 1, 26
0.467321, 0.333739, 1, 27
0.457226, 0.326221, 1, 28
0.444555, 0.323152, 1, 29
0.429514, 0.324455, 1, 30
0.41232, 0.329851, 1, 31
0.393289, 0.338777, 1, 32
0.372842, 0.350481, 1, 33
0.351583, 0.364011, 1, 34
0.330267, 0.378384, 1, 35
0.309736, 0.392705, 1, 36
0.290802, 0.406273, 1, 37
0.274133, 0.418633, 1, 38
0.260174, 0.429555, 1, 39
0.249152, 0.438945, 1, 40
0.241076, 0.446836, 1, 41
0.235807, 0.4533, 1, 42
0.233107, 0.458429, 1, 43
0.232688, 0.462311, 1, 44
0.234243, 0.465031, 1, 45
0.237455, 0.466688, 1, 46
0.242043, 0.467344, 1, 47
0.247749, 0.467064, 1, 48
0.254336, 0.465914, 1, 49
-0.308471, 0.623111, 2, 0
-0.366321, 0.617324, 2, 1
-0.333978, 0.642766, 2, 2
-0.297282, 0.667204, 2, 3
-0.256136, 0.689932, 2, 4
-0.210606, 0.710156, 2, 5
-0.160957, 0.727037, 2, 6
-0.107693, 0.739738, 2, 7
-0.0515475, 0.747506, 2, 8
0.00652427, 0.749734, 2, 9
0.0654051, 0.74604, 2, 10
0.123885, 0.736307, 2, 11
0.180748, 0.720701, 2, 12
0.234867, 0.699658, 2, 13
0.285262, 0.673848, 2, 14
0.331168, 0.644097, 2, 15
0.372039, 0.611335, 2, 16
0.407554, 0.57652, 2, 17
0.437578, 0.54061, 2, 18
0.462147, 0.504504, 2, 19
0.481419, 0.46904, 2, 20
0.495639, 0.43499, 2, 21
0.505108, 0.403064, 2, 22
0.510162, 0.373904, 2, 23
0.511147, 0.348111, 2, 24
0.508404, 0.326233, 2, 25
0.50224, 0.308795, 2, 26
0.492953, 0.296203, 2, 27
0.480778, 0.288794, 2, 28
0.465895, 0.286771, 2, 29
0.448429, 0.290152, 2, 30
0.428519, 0.298636, 2, 31
0.40637, 0.311572, 2, 32
0.382373, 0.327944, 2, 33
0.357197, 0.34643, 2, 34
0.331812, 0.365618, 2, 35
0.307364, 0.384266, 2, 36
0.284986, 0.401459, 2, 37
0.265576, 0.416696, 2, 38
0.249677, 0.429819, 2, 39
0.237493, 0.440861, 2, 40
0.22894, 0.449968, 2, 41
0.223744, 0.457322, 2, 42
0.221536, 0.463084, 2, 43
0.221904, 0.467404, 2, 44
0.224448, 0.470398, 2, 45
0.22877, 0.472192, 2, 46
0.234527, 0.472874, 2, 47
0.241419, 0.472521, 2, 48
0.249167, 0.471226, 2, 49
-0.331592, 0.621451, 3, 0
-0.392928, 0.615065, 3, 1
-0.360032, 0.643509, 3, 2
-0.322101, 0.671183, 3, 3
-0.278917, 0.69726, 3, 4
-0.230461, 0.720775, 3, 5
-0.176964, 0.740672, 3, 6
-0.118959, 0.755875, 3, 7
-0.0573069, 0.76539, 3, 8
0.00683545, 0.768399, 3, 9
0.0720721, 0.76438, 3, 10
0.136885, 0.753161, 3, 11
0.199741, 0.734959, 3, 12
0.259243, 0.710347, 3, 13
0.314218, 0.68019, 3, 14
0.36378, 0.645545, 3, 15
0.407344, 0.607576, 3, 16
0.444625, 0.567439, 3, 17
0.475563, 0.526266, 3, 18
0.500303, 0.485081, 3, 19
0.519111, 0.444824, 3, 20
0.532354, 0.406326, 3, 21
0.540437, 0.370355, 3, 22
0.543792, 0.337618, 3, 23
0.542863, 0.308742, 3, 24
0.538054, 0.284383, 3, 25
0.52975, 0.265133, 3, 26
0.518294, 0.251516, 3, 27
0.50393, 0.244044, 3, 28
0.486806, 0.243088, 3, 29
0.466959, 0.24882, 3, 30
0.444358, 0.261039, 3, 31
0.418994, 0.279047, 3, 32
0.391098, 0.301501, 3, 33
0.36137, 0.326501, 3, 34
0.331062, 0.351959, 3, 35
0.301844, 0.376033, 3, 36
0.275359, 0.397553, 3, 37
0.252853, 0.416021, 3, 38
0.234981, 0.431454, 3, 39
0.221838, 0.444137, 3, 40
0.213169, 0.454394, 3, 41
0.208487, 0.462545, 3, 42
0.207223, 0.468861, 3, 43
0.208817, 0.47354, 3, 44
0.21275, 0.476735, 3, 45
0.21854, 0.478599, 3, 46
0.225782, 0.479237, 3, 47
0.234131, 0.478741, 3, 48
0.243279, 0.477224, 3, 49
-0.357582, 0.617509, 4, 0
-0.422692, 0.6104, 4, 1
-0.389615, 0.642196, 4, 2
-0.350731, 0.673591, 4, 3
-0.305653, 0.703627, 4, 4
-0.25421, 0.731137, 4, 5
-0.196557, 0.754792, 4, 6
-0.133239, 0.773194, 4, 7
-0.0652521, 0.785012, 4, 8
0.00598026, 0.789134, 4, 9
0.0786932, 0.784831, 4, 10
0.150938, 0.77186, 4, 11
0.220759, 0.750515, 4, 12
0.286405, 0.721564, 4, 13
0.346448, 0.686165, 4, 14
0.399881, 0.645691, 4, 15
0.446113, 0.6016, 4, 16
0.484928, 0.555314, 4, 17
0.516411, 0.508132, 4, 18
0.54085, 0.461224, 4, 19
0.558675, 0.415602, 4, 20
0.570392, 0.372157, 4, 21
0.57654, 0.331681, 4, 22
0.577671, 0.294899, 4, 23
0.57432, 0.262507, 4, 24
0.566996, 0.235206, 4, 25
0.556173, 0.213671, 4, 26
0.542261, 0.198593, 4, 27
0.525561, 0.190657, 4, 28
0.506213, 0.190526, 4, 29
0.484154, 0.198682, 4, 30
0.459098, 0.215236, 4, 31
0.430647, 0.23957, 4, 32
0.398613, 0.270016, 4, 33
0.363554, 0.303778, 4, 34
0.327142, 0.337545, 4, 35
0.29193, 0.368504, 4, 36
0.260481, 0.395106, 4, 37
0.234567, 0.417033, 4, 38
0.214864, 0.434755, 4, 39
0.201233, 0.448936, 4, 40
0.193057, 0.4602, 4, 41
0.189528, 0.469036, 4, 42
0.189834, 0.475798, 4, 43
0.193219, 0.480747, 4, 44
0.199043, 0.484059, 4, 45
0.206726, 0.48592, 4, 46
0.215815, 0.486439, 4, 47
0.225923, 0.485732, 4, 48
0.236725, 0.483915, 4, 49
-0.386749, 0.610577, 5, 0
-0.455886, 0.602608, 5, 1
-0.423158, 0.638094, 5, 2
-0.383773, 0.673732, 5, 3
-0.337089, 0.708437, 5, 4
-0.282711, 0.740807, 5, 5
-0.220631, 0.769174, 5, 6
-0.151359, 0.791709, 5, 7
-0.0760427, 0.806601, 5, 8
0.00356015, 0.812311, 5, 9
0.085176, 0.807804, 5, 10
0.166251, 0.792739, 5, 11
0.24424, 0.767527, 5, 12
0.316912, 0.733244, 5, 13
0.382529, 0.691474, 5, 14
0.439969, 0.64403, 5, 15
0.488687, 0.592766, 5, 16
0.528627, 0.539405, 5, 17
0.560076, 0.485458, 5, 18
0.583555, 0.432192, 5, 19
0.599696, 0.380675, 5, 20
0.609177, 0.331819, 5, 21
0.612688, 0.286407, 5, 22
0.610905, 0.245157, 5, 23
0.604477, 0.208784, 5, 24
0.59402, 0.178014, 5, 25
0.580118, 0.153622, 5, 26
0.563298, 0.136426, 5, 27
0.543971, 0.127334, 5, 28
0.52235, 0.127381, 5, 29
0.498333, 0.13758, 5, 30
0.471364, 0.158697, 5, 31
0.440399, 0.190647, 5, 32
0.404309, 0.231646, 5, 33
0.363004, 0.277534, 5, 34
0.31869, 0.322696, 5, 35
0.275643, 0.362445, 5, 36
0.238162, 0.394801, 5, 37
0.208711, 0.420166, 5, 38
0.187755, 0.439892, 5, 39
0.174537, 0.455297, 5, 40
0.16784, 0.46736, 5, 41
0.166401, 0.476736, 5, 42
0.169093, 0.483854, 5, 43
0.174972, 0.488996, 5, 44
0.183264, 0.492374, 5, 45
0.193334, 0.494154, 5, 46
0.204673, 0.494485, 5, 47
0.216868, 0.493495, 5, 48
0.229596, 0.491301, 5, 49
-0.419373, 0.599747, 6, 0
-0.492729, 0.590786, 6, 1
-0.461082, 0.630242, 6, 2
-0.421871, 0.670653, 6, 3
-0.374106, 0.710823, 6, 4
-0.31703, 0.749111, 6, 5
-0.250344, 0.783424, 6, 6
-0.174439, 0.811352, 6, 7
-0.0905749, 0.830408, 6, 8
-0.000961797, 0.838399, 6, 9
0.0914166, 0.833833, 6, 10
0.183137, 0.816214, 6, 11
0.270808, 0.786156, 6, 12
0.351534, 0.745225, 6, 13
0.42321, 0.695639, 6, 14
0.484639, 0.639842, 6, 15
0.535426, 0.580217, 6, 16
0.575808, 0.518816, 6, 17
0.606398, 0.457364, 6, 18
0.628025, 0.397185, 6, 19
0.641575, 0.339354, 6, 20
0.64793, 0.28473, 6, 21
0.647933, 0.234037, 6, 22
0.642379, 0.187962, 6, 23
0.632025, 0.147169, 6, 24
0.617593, 0.112407, 6, 25
0.599791, 0.0845044, 6, 26
0.579301, 0.0643385, 6, 27
0.556719, 0.0530492, 6, 28
0.53247, 0.0520534, 6, 29
0.50662, 0.0630643, 6, 30
0.478516, 0.0880301, 6, 31
0.446341, 0.128381, 6, 32
0.407105, 0.183198, 6, 33
0.35859, 0.246588, 6, 34
0.303396, 0.308092, 6, 35
0.249586, 0.359022, 6, 36
0.20493, 0.39735, 6, 37
0.172517, 0.425557, 6, 38
0.151737, 0.446702, 6, 39
0.140552, 0.462963, 6, 40
0.136825, 0.475637, 6, 41
0.138736, 0.485467, 6, 42
0.144845, 0.492897, 6, 43
0.154045, 0.498207, 6, 44
0.165475, 0.501604, 6, 45
0.178457, 0.503273, 6, 46
0.192473, 0.503355, 6, 47
0.207102, 0.502011, 6, 48
0.222027, 0.499366, 6, 49
-0.455657, 0.583876, 7, 0
-0.533315, 0.573817, 7, 1
-0.503729, 0.6174, 7, 2
-0.465686, 0.663048, 7, 3
-0.417702, 0.709539, 7, 4
-0.358481, 0.754999, 7, 5
-0.287212, 0.796853, 7, 6
-0.203971, 0.831908, 7, 7
-0.110095, 0.856688, 7, 8
-0.0083274, 0.868001, 7, 9
0.0973127, 0.863615, 7, 10
0.202099, 0.842803, 7, 11
0.301387, 0.806526, 7, 12
0.391354, 0.757154, 7, 13
0.469473, 0.69789, 7, 14
0.534589, 0.63209, 7, 15
0.586675, 0.562787, 7, 16
0.626455, 0.492424, 7, 17
0.655037, 0.422847, 7, 18
0.673654, 0.355381, 7, 19
0.6835, 0.290996, 7, 20
0.685663, 0.230434, 7, 21
0.681126, 0.174289, 7, 22
0.670773, 0.123164, 7, 23
0.655436, 0.077662, 7, 24
0.635921, 0.0384702, 7, 25
0.613051, 0.00641748, 7, 26
0.587659, -0.0176164, 7, 27
0.560582, -0.0324046, 7, 28
0.5326, -0.0362893, 7, 29
0.50427, -0.0268877, 7, 30
0.475444, -0.00075129, 7, 31
0.44414, 0.0466195, 7, 32
0.40464, 0.118427, 7, 33
0.348489, 0.208525, 7, 34
0.276743, 0.295213, 7, 35
0.207331, 0.359795, 7, 36
0.155263, 0.402885, 7, 37
0.122395, 0.432502, 7, 38
0.104814, 0.454333, 7, 39
0.0982944, 0.471218, 7, 40
0.0996008, 0.484506, 7, 41
0.10643, 0.494875, 7, 42
0.117152, 0.502697, 7, 43
0.130582, 0.508232, 7, 44
0.145852, 0.51167, 7, 45
0.162294, 0.513211, 7, 46
0.179418, 0.51301, 7, 47
0.19682, 0.511247, 7, 48
0.214211, 0.508075, 7, 49
-0.495634, 0.56156, 8, 0
-0.577534, 0.550361, 8, 1
-0.551276, 0.597984, 8, 2
-0.515787, 0.649161, 8, 3
-0.468947, 0.702781, 8, 4
-0.408651, 0.756846, 8, 5
-0.333219, 0.808274, 8, 6
-0.24207, 0.852858, 8, 7
-0.136394, 0.885666, 8, 8
-0.0195998, 0.901906, 8, 9
0.102767, 0.898106, 8, 10
0.223956, 0.873158, 8, 11
0.337377, 0.828656, 8, 12
0.437906, 0.76834, 8, 13
0.522603, 0.696976, 8, 14
0.590632, 0.619226, 8, 15
0.642701, 0.538917, 8, 16
0.680354, 0.458826, 8, 17
0.705404, 0.380794, 8, 18
0.719587, 0.305983, 8, 19
0.724431, 0.23511, 8, 20
0.7212, 0.168698, 8, 21
0.710967, 0.107182, 8, 22
0.694647, 0.051018, 8, 23
0.673089, 0.000712366, 8, 24
0.647127, -0.0431058, 8, 25
0.617634, -0.0797209, 8, 26
0.585541, -0.108305, 8, 27
0.551866, -0.127763, 8, 28
0.517742, -0.136508, 8, 29
0.484378, -0.132115, 8, 30
0.4529, -0.110259, 8, 31
0.423302, -0.062877, 8, 32
0.389765, 0.0239156, 8, 33
0.329251, 0.157147, 8, 34
0.227551, 0.287672, 8, 35
0.135773, 0.365348, 8, 36
0.0812821, 0.408974, 8, 37
0.0548224, 0.438387, 8, 38
0.0457355, 0.460854, 8, 39
0.0475169, 0.478806, 8, 40
0.0563339, 0.493195, 8, 41
0.0698075, 0.504488, 8, 42
0.0863704, 0.512973, 8, 43
0.104943, 0.518892, 8, 44
0.124738, 0.522463, 8, 45
0.145168, 0.523894, 8, 46
0.165801, 0.523394, 8, 47
0.186295, 0.521157, 8, 48
0.206394, 0.517387, 8, 49
-0.539056, 0.531117, 9, 0
-0.624942, 0.518862, 9, 1
-0.603585, 0.570033, 9, 2
-0.572531, 0.62665, 9, 3
-0.528876, 0.687968, 9, 4
-0.469376, 0.752126, 9, 5
-0.390965, 0.815641, 9, 6
-0.291702, 0.873104, 9, 7
-0.172133, 0.917431, 9, 8
-0.0363765, 0.94117, 9, 9
0.107722, 0.938656, 9, 10
0.250083, 0.908102, 9, 11
0.380971, 0.852302, 9, 12
0.493424, 0.777436, 9, 13
0.584259, 0.690836, 9, 14
0.653605, 0.598972, 9, 15
0.703562, 0.506523, 9, 16
0.736969, 0.416354, 9, 17
0.756566, 0.330035, 9, 18
0.764678, 0.248278, 9, 19
0.763106, 0.171414, 9, 20
0.753226, 0.0996296, 9, 21
0.736099, 0.0331337, 9, 22
0.712584, -0.0277712, 9, 23
0.683458, -0.0826516, 9, 24
0.649495, -0.130969, 9, 25
0.611525, -0.172054, 9, 26
0.570444, -0.205247, 9, 27
0.527256, -0.229705, 9, 28
0.483104, -0.244332, 9, 29
0.439363, -0.247432, 9, 30
0.397836, -0.235898, 9, 31
0.361277, -0.202607, 9, 32
0.333496, -0.126282, 9, 33
0.29094, 0.0664101, 9, 34
0.115432, 0.292086, 9, 35
0.011526, 0.365849, 9, 36
-0.0233686, 0.40667, 9, 37
-0.0307272, 0.437965, 9, 38
-0.0245347, 0.463432, 9, 39
-0.0106075, 0.484204, 9, 40
0.00807562, 0.500864, 9, 41
0.0297439, 0.513831, 9, 42
0.0532338, 0.523451, 9, 43
0.0777371, 0.530034, 9, 44
0.102648, 0.53387, 9, 45
0.127518, 0.535255, 9, 46
0.152007, 0.534446, 9, 47
0.175854, 0.531699, 9, 48
0.198862, 0.527266, 9, 49
-0.585211, 0.490651, 10, 0
-0.674595, 0.477637, 10, 1
-0.659949, 0.531247, 10, 2
-0.635725, 0.592528, 10, 3
-0.598177, 0.661492, 10, 4
-0.542609, 0.736914, 10, 5
-0.463768, 0.815408, 10, 6
-0.35718, 0.890366, 10, 7
-0.221486, 0.951652, 10, 8
-0.0612061, 0.987242, 10, 9
0.112217, 0.987278, 10, 10
0.282899, 0.94864, 10, 11
0.435731, 0.876563, 10, 12
0.561139, 0.781851, 10, 13
0.656475, 0.676067, 10, 14
0.724188, 0.567997, 10, 15
0.768879, 0.462867, 10, 16
0.795245, 0.3631, 10, 17
0.807158, 0.269427, 10, 18
0.80745, 0.181809, 10, 19
0.798085, 0.0999764, 10, 20
0.78038, 0.0237067, 10, 21
0.755246, -0.0470291, 10, 22
0.723365, -0.112026, 10, 23
0.68534, -0.170894, 10, 24
0.641793, -0.223062, 10, 25
0.59341, -0.267901, 10, 26
0.540914, -0.30479, 10, 27
0.48504, -0.333114, 10, 28
0.42646, -0.352194, 10, 29
0.365602, -0.361278, 10, 30
0.302362, -0.359215, 10, 31
0.235172, -0.343826, 10, 32
0.156975, -0.30974, 10, 33
0.00326006, -0.228765, 10, 34
-0.1781, 0.220451, 10, 35
-0.166032, 0.321962, 10, 36
-0.149386, 0.381984, 10, 37
-0.127354, 0.425847, 10, 38
-0.101507, 0.459756, 10, 39
-0.0731239, 0.486316, 10, 40
-0.0431491, 0.506954, 10, 41
-0.0123048, 0.522612, 10, 42
0.0188283, 0.533967, 10, 43
0.0497992, 0.541553, 10, 44
0.0802585, 0.545841, 10, 45
0.109893, 0.547246, 10, 46
0.138502, 0.546126, 10, 47
0.165901, 0.542817, 10, 48
0.191967, 0.537641, 10, 49
-0.632699, 0.438215, 11, 0
-0.724888, 0.425041, 11, 1
-0.718823, 0.47913, 11, 2
-0.704215, 0.543192, 11, 3
-0.676662, 0.61848, 11, 4
-0.629885, 0.705265, 11, 5
-0.555606, 0.801398, 11, 6
-0.444736, 0.899938, 11, 7
-0.291234, 0.986877, 11, 8
-0.0984572, 1.04214, 11, 9
0.116529, 1.04717, 11, 10
0.326891, 0.995887, 11, 11
0.507577, 0.898973, 11, 12
0.645648, 0.776566, 11, 13
0.741416, 0.647069, 11, 14
0.802429, 0.521557, 11, 15
0.83739, 0.40464, 11, 16
0.853372, 0.297089, 11, 17
0.855261, 0.198118, 11, 18
0.846142, 0.106548, 11, 19
0.827847, 0.0213472, 11, 20
0.801402, -0.0580899, 11, 21
0.767379, -0.131993, 11, 22
0.726155, -0.200148, 11, 23
0.678064, -0.26206, 11, 24
0.623518, -0.317, 11, 25
0.563026, -0.364148, 11, 26
0.497075, -0.402783, 11, 27
0.426065, -0.43216, 11, 28
0.350015, -0.451571, 11, 29
0.268075, -0.46014, 11, 30
0.177516, -0.456219, 11, 31
0.0711941, -0.435388, 11, 32
-0.068313, -0.381344, 11, 33
-0.254952, -0.227745, 11, 34
-0.346638, 0.0482048, 11, 35
-0.314364, 0.232801, 11, 36
-0.267068, 0.335878, 11, 37
-0.221639, 0.402667, 11, 38
-0.178114, 0.450169, 11, 39
-0.135865, 0.485342, 11, 40
-0.0946666, 0.511598, 11, 41
-0.0545153, 0.530916, 11, 42
-0.0155225, 0.544571, 11, 43
0.0221468, 0.553482, 11, 44
0.0583472, 0.558381, 11, 45
0.0929447, 0.55985, 11, 46
0.125814, 0.558398, 11, 47
0.156887, 0.554462, 11, 48
0.186101, 0.548449, 11, 49
-0.67925, 0.372129, 12, 0
-0.773407, 0.359783, 12, 1
-0.777483, 0.411368, 12, 2
-0.775255, 0.47478, 12, 3
-0.762257, 0.552897, 12, 4
-0.731129, 0.648564, 12, 5
-0.670247, 0.763006, 12, 6
-0.563241, 0.891898, 12, 7
-0.393185, 1.01839, 12, 8
-0.156407, 1.10857, 12, 9
0.121526, 1.12387, 12, 10
0.390913, 1.05055, 12, 11
0.606625, 0.913061, 12, 12
0.753002, 0.751747, 12, 13
0.840445, 0.594912, 12, 14
0.886774, 0.453418, 12, 15
0.906397, 0.328227, 12, 16
0.908528, 0.216756, 12, 17
0.898419, 0.115898, 12, 18
0.878811, 0.0231336, 12, 19
0.850962, -0.0632831, 12, 20
0.815312, -0.144286, 12, 21
0.771902, -0.220069, 12, 22
0.720674, -0.290267, 12, 23
0.661651, -0.354057, 12, 24
0.595029, -0.410345, 12, 25
0.521207, -0.457889, 12, 26
0.440588, -0.495563, 12, 27
0.353456, -0.52218, 12, 28
0.259647, -0.536425, 12, 29
0.158086, -0.536356, 12, 30
0.0462939, -0.518231, 12, 31
-0.0796225, -0.473674, 12, 32
-0.22027, -0.384378, 12, 33
-0.35215, -0.225721, 12, 34
-0.41699, -0.0184798, 12, 35
-0.40445, 0.16196, 12, 36
-0.35773, 0.288995, 12, 37
-0.302942, 0.376335, 12, 38
-0.248008, 0.438156, 12, 39
-0.194822, 0.482986, 12, 40
-0.143798, 0.515686, 12, 41
-0.0949885, 0.539233, 12, 42
-0.0484361, 0.555544, 12, 43
-0.00416316, 0.565976, 12, 44
0.0377777, 0.571555, 12, 45
0.0773503, 0.573096, 12, 46
0.114523, 0.571257, 12, 47
0.149292, 0.566599, 12, 48
0.181666, 0.559628, 12, 49
-0.721593, 0.291543, 13, 0
-0.81693, 0.281363, 13, 1
-0.831836, 0.326494, 13, 2
-0.843891, 0.384053, 13, 3
-0.849591, 0.458462, 13, 4
-0.842148, 0.555726, 13, 5
-0.808349, 0.68303, 13, 6
-0.723438, 0.845267, 13, 7
-0.548608, 1.03168, 13, 8
-0.25289, 1.18937, 13, 9
0.129678, 1.22829, 13, 10
0.494429, 1.11022, 13, 11
0.750108, 0.901528, 13, 12
0.889063, 0.688573, 13, 13
0.95162, 0.506551, 13, 14
0.972515, 0.356514, 13, 15
0.971115, 0.230716, 13, 16
0.956819, 0.121616, 13, 17
0.933798, 0.0236535, 13, 18
0.903578, -0.0668599, 13, 19
0.866345, -0.152047, 13, 20
0.821646, -0.232862, 13, 21
0.768835, -0.309243, 13, 22
0.707337, -0.380378, 13, 23
0.63685, -0.444876, 13, 24
0.557467, -0.501004, 13, 25
0.469654, -0.54687, 13, 26
0.374056, -0.5807, 13, 27
0.271335, -0.600687, 13, 28
0.161922, -0.604804, 13, 29
0.0458972, -0.590246, 13, 30
-0.0766329, -0.552396, 13, 31
-0.203761, -0.483657, 13, 32
-0.326945, -0.374156, 13, 33
-0.42504, -0.220608, 13, 34
-0.472588, -0.0428331, 13, 35
-0.466111, 0.123059, 13, 36
-0.425058, 0.255873, 13, 37
-0.368851, 0.355229, 13, 38
-0.30809, 0.428231, 13, 39
-0.247353, 0.481698, 13, 40
-0.188453, 0.5206, 13, 41
-0.132109, 0.548357, 13, 42
-0.0786189, 0.567349, 13, 43
-0.0281014, 0.579298, 13, 44
0.0193786, 0.585511, 13, 45
0.063815, 0.587028, 13, 46
0.105217, 0.584678, 13, 47
0.143624, 0.579167, 13, 48
0.179098, 0.571102, 13, 49
-0.755701, 0.197073, 14, 0
-0.851674, 0.190566, 14, 1
-0.876608, 0.22475, 14, 2
-0.902793, 0.269905, 14, 3
-0.928817, 0.330999, 14, 4
-0.950993, 0.416043, 14, 5
-0.959789, 0.538238, 14, 6
-0.929837, 0.7186, 14, 7
-0.794957, 0.980028, 14, 8
-0.433781, 1.28024, 14, 9
0.14853, 1.38666, 14, 10
0.686252, 1.15398, 14, 11
0.962759, 0.817546, 14, 12
1.05148, 0.55509, 14, 13
1.0646, 0.367049, 14, 14
1.05, 0.22573, 14, 15
1.02452, 0.111702, 14, 16
0.993659, 0.0133344, 14, 17
0.958673, -0.07619, 14, 18
0.919064, -0.160745, 14, 19
0.873577, -0.242304, 14, 20
0.820703, -0.32137, 14, 21
0.758986, -0.39731, 14, 22
0.687311, -0.468558, 14, 23
0.605125, -0.532849, 14, 24
0.512578, -0.587508, 14, 25
0.41051, -0.629798, 14, 26
0.300223, -0.657203, 14, 27
0.183333, -0.667356, 14, 28
0.0615243, -0.657906, 14, 29
-0.0632882, -0.62608, 14, 30
-0.188294, -0.568246, 14, 31
-0.308205, -0.480151, 14, 32
-0.413142, -0.359186, 14, 33
-0.488838, -0.20967, 14, 34
-0.52326, -0.0470922, 14, 35
-0.515938, 0.107402, 14, 36
-0.477702, 0.239032, 14, 37
-0.421857, 0.34365, 14, 38
-0.358186, 0.423744, 14, 39
-0.292371, 0.483737, 14, 40
-0.227386, 0.527764, 14, 41
-0.164697, 0.55918, 14, 42
-0.105047, 0.580525, 14, 43
-0.048781, 0.593768, 14, 44
0.00391949, 0.60042, 14, 45
0.0529991, 0.601728, 14, 46
0.0984617, 0.598685, 14, 47
0.140369, 0.592132, 14, 48
0.178819, 0.582773, 14, 49
-0.777397, 0.091388, 15, 0
-0.873871, 0.0898088, 15, 1
-0.906135, 0.108893, 15, 2
-0.943217, 0.135106, 15, 3
-0.986155, 0.172144, 15, 4
-1.03591, 0.226583, 15, 5
-1.09234, 0.311166, 15, 6
-1.14897, 0.453595, 15, 7
-1.1631, 0.723489, 15, 8
-0.858327, 1.28703, 15, 9
0.202011, 1.69969, 15, 10
1.10722, 1.03034, 15, 11
1.24304, 0.555911, 15, 12
1.20868, 0.316199, 15, 13
1.15549, 0.169252, 15, 14
1.10485, 0.062917, 15, 15
1.05857, -0.0245404, 15, 16
1.01486, -0.103496, 15, 17
0.971195, -0.17932, 15, 18
0.924904, -0.254727, 15, 19
0.873282, -0.330748, 15, 20
0.813762, -0.407043, 15, 21
0.744073, -0.482061, 15, 22
0.662575, -0.553136, 15, 23
0.568549, -0.616811, 15, 24
0.462444, -0.669174, 15, 25
0.345885, -0.706405, 15, 26
0.221342, -0.725269, 15, 27
0.0918337, -0.723165, 15, 28
-0.0393268, -0.698031, 15, 29
-0.168431, -0.648085, 15, 30
-0.290939, -0.571763, 15, 31
-0.400651, -0.468295, 15, 32
-0.489282, -0.339534, 15, 33
-0.547991, -0.192166, 15, 34
-0.571131, -0.0382948, 15, 35
-0.559805, 0.108108, 15, 36
-0.521301, 0.236576, 15, 37
-0.465105, 0.342593, 15, 38
-0.399388, 0.426424, 15, 39
-0.329849, 0.490629, 15, 40
-0.260044, 0.538324, 15, 41
-0.192017, 0.572491, 15, 42
-0.12693, 0.595606, 15, 43
-0.065455, 0.609698, 15, 44
-0.00791566, 0.616454, 15, 45
0.0455145, 0.617256, 15, 46
0.0948058, 0.613247, 15, 47
0.140015, 0.605399, 15, 48
0.181259, 0.59453, 15, 49
-0.783422, -0.0207298, 16, 0
-0.880581, -0.0168667, 16, 1
-0.915744, -0.0155943, 16, 2
-0.957411, -0.0128173, 16, 3
-1.00794, -0.007746, 16, 4
-1.0712, 0.00101179, 16, 5
-1.15404, 0.0161889, 16, 6
-1.27057, 0.0441409, 16, 7
-1.45694, 0.103645, 16, 8
-1.78324, 0.294675, 16, 9
0.859155, 1.39423, 16, 10
1.71509, 0.180692, 16, 11
1.43351, 0.0485968, 16, 12
1.28695, -0.0193386, 16, 13
1.19227, -0.0707059, 16, 14
1.12299, -0.118572, 16, 15
1.06729, -0.167947, 16, 16
1.01834, -0.221296, 16, 17
0.971331, -0.279877, 16, 18
0.922246, -0.34414, 16, 19
0.867383, -0.413663, 16, 20
0.803263, -0.486974, 16, 21
0.72684, -0.561361, 16, 22
0.635918, -0.632802, 16, 23
0.529731, -0.696217, 16, 24
0.409322, -0.746077, 16, 25
0.277599, -0.777251, 16, 26
0.138762, -0.785892, 16, 27
-0.00227066, -0.769578, 16, 28
-0.140416, -0.727262, 16, 29
-0.270633, -0.658947, 16, 30
-0.387751, -0.565525, 16, 31
-0.486139, -0.449152, 16, 32
-0.55992, -0.314123, 16, 33
-0.604165, -0.167584, 16, 34
-0.61675, -0.0191301, 16, 35
-0.599719, 0.12132, 16, 36
-0.558702, 0.246193, 16, 37
-0.500887, 0.35153, 16, 38
-0.432981, 0.43671, 16, 39
-0.360242, 0.503102, 16, 40
-0.286328, 0.553003, 16, 41
-0.213672, 0.588855, 16, 42
-0.143765, 0.612962, 16, 43
-0.0775558, 0.627342, 16, 44
-0.0155544, 0.633731, 16, 45
0.0419119, 0.63363, 16, 46
0.094766, 0.628314, 16, 47
0.14303, 0.618865, 16, 48
0.186808, 0.606222, 16, 49
-0.772429, -0.133058, 17, 0
-0.870449, -0.124304, 17, 1
-0.903236, -0.141273, 17, 2
-0.941553, -0.16266, 17, 3
-0.987076, -0.190872, 17, 4
-1.04216, -0.230427, 17, 5
-1.10998, -0.290647, 17, 6
-1.19342, -0.393526, 17, 7
-1.28065, -0.603243, 17, 8
-1.11632, -1.2025, 17, 9
0.231952, -1.93349, 17, 10
1.32429, -0.900185, 17, 11
1.31616, -0.506709, 17, 12
1.23082, -0.366255, 17, 13
1.15845, -0.310674, 17, 14
1.09988, -0.295437, 17, 15
1.0504, -0.304412, 17, 16
1.00559, -0.330764, 17, 17
0.961437, -0.371257, 17, 18
0.913993, -0.423982, 17, 19
0.859191, -0.48714, 17, 20
0.792855, -0.558206, 17, 21
0.711097, -0.633246, 17, 22
0.611035, -0.706637, 17, 23
0.49185, -0.77116, 17, 24
0.355505, -0.819097, 17, 25
0.206911, -0.843631, 17, 26
0.0528215, -0.840417, 17, 27
-0.0993955, -0.807852, 17, 28
-0.242874, -0.74676, 17, 29
-0.371815, -0.659633, 17, 30
-0.481408, -0.549972, 17, 31
-0.567598, -0.422151, 17, 32
-0.627078, -0.281707, 17, 33
-0.657854, -0.135391, 17, 34
-0.660023, 0.00920342, 17, 35
-0.636212, 0.144865, 17, 36
-0.591151, 0.26602, 17, 37
-0.530543, 0.369495, 17, 38
-0.459945, 0.454371, 17, 39
-0.384021, 0.521371, 17, 40
-0.306341, 0.572109, 17, 41
-0.229467, 0.60859, 17, 42
-0.155173, 0.632855, 17, 43
-0.0846107, 0.646843, 17, 44
-0.0185201, 0.652305, 17, 45
0.0426753, 0.650831, 17, 46
0.0987992, 0.643788, 17, 47
0.149821, 0.632376, 17, 48
0.195872, 0.617635, 17, 49
-0.745504, -0.239269, 18, 0
-0.844135, -0.227149, 18, 1
-0.869675, -0.26035, 18, 2
-0.897513, -0.302533, 18, 3
-0.927074, -0.358023, 18, 4
-0.956212, -0.434216, 18, 5
-0.97823, -0.54441, 18, 6
-0.972063, -0.713314, 18, 7
-0.869442, -0.981469, 18, 8
-0.49912, -1.34043, 18, 9
0.174754, -1.48574, 18, 10
0.780296, -1.1932, 18, 11
1.03109, -0.840764, 18, 12
1.08165, -0.624432, 18, 13
1.07185, -0.505277, 18, 14
1.04552, -0.444107, 18, 15
1.01473, -0.420206, 18, 16
0.981935, -0.423089, 18, 17
0.946134, -0.447214, 18, 18
0.904563, -0.489433, 18, 19
0.85324, -0.547292, 18, 20
0.787355, -0.617677, 18, 21
0.701839, -0.695738, 18, 22
0.592679, -0.773983, 18, 23
0.458736, -0.842374, 18, 24
0.303304, -0.889914, 18, 25
0.134386, -0.907424, 18, 26
-0.0373838, -0.890237, 18, 27
-0.201294, -0.838572, 18, 28
-0.348766, -0.756389, 18, 29
-0.474057, -0.649483, 18, 30
-0.573873, -0.524011, 18, 31
-0.646537, -0.385914, 18, 32
-0.691428, -0.240971, 18, 33
-0.70889, -0.0950229, 18, 34
-0.700499, 0.046177, 18, 35
-0.669193, 0.177408, 18, 36
-0.619059, 0.294653, 18, 37
-0.554762, 0.39545, 18, 38
-0.480913, 0.478873, 18, 39
-0.401613, 0.545235, 18, 40
-0.32023, 0.595658, 18, 41
-0.239352, 0.631773, 18, 42
-0.160915, 0.655359, 18, 43
-0.08628, 0.668232, 18, 44
-0.0163691, 0.67215, 18, 45
0.0482583, 0.668746, 18, 46
0.107339, 0.659496, 18, 47
0.160812, 0.645706, 18, 48
0.208799, 0.628515, 18, 49
-0.705768, -0.334305, 19, 0
-0.804103, -0.320841, 19, 1
-0.819018, -0.366458, 19, 2
-0.831979, -0.423306, 19, 3
-0.840067, -0.4957, 19, 4
-0.837271, -0.589952, 19, 5
-0.811064, -0.714692, 19, 6
-0.735551, -0.878706, 19, 7
-0.564205, -1.07747, 19, 8
-0.25098, -1.25591, 19, 9
0.168043, -1.30101, 19, 10
0.558177, -1.16658, 19, 11
0.808122, -0.952257, 19, 12
0.926035, -0.765096, 19, 13
0.969872, -0.63368, 19, 14
0.978823, -0.551097, 19, 15
0.971339, -0.506482, 19, 16
0.954857, -0.491952, 19, 17
0.931229, -0.502784, 19, 18
0.8991, -0.536193, 19, 19
0.854744, -0.59014, 19, 20
0.792462, -0.661905, 19, 21
0.705343, -0.74633, 19, 22
0.587079, -0.834093, 19, 23
0.435319, -0.911142, 19, 24
0.255117, -0.96117, 19, 25
0.0594921, -0.971158, 19, 26
-0.134444, -0.936436, 19, 27
-0.311252, -0.861031, 19, 28
-0.460926, -0.754186, 19, 29
-0.579289, -0.626111, 19, 30
-0.666202, -0.485384, 19, 31
-0.723297, -0.338532, 19, 32
-0.752681, -0.190628, 19, 33
-0.756568, -0.0460045, 19, 34
-0.737427, 0.0913621, 19, 35
-0.698215, 0.217954, 19, 36
-0.642409, 0.330924, 19, 37
-0.573811, 0.428405, 19, 38
-0.496259, 0.509505, 19, 39
-0.413317, 0.574275, 19, 40
-0.328119, 0.623463, 19, 41
-0.243252, 0.658321, 19, 42
-0.16078, 0.680405, 19, 43
-0.0822389, 0.691425, 19, 44
-0.00872583, 0.693116, 19, 45
0.0590732, 0.687186, 19, 46
0.120806, 0.675184, 19, 47
0.176377, 0.658551, 19, 48
0.22593, 0.638528, 19, 49
-0.65742, -0.415171, 20, 0
-0.75399, -0.402293, 20, 1
-0.756819, -0.455781, 20, 2
-0.753771, -0.520462, 20, 3
-0.740551, -0.599324, 20, 4
-0.709881, -0.695607, 20, 5
-0.649636, -0.81148, 20, 6
-0.541577, -0.943957, 20, 7
-0.365104, -1.07648, 20, 8
-0.113894, -1.17151, 20, 9
0.182033, -1.18448, 20, 10
0.462038, -1.10329, 20, 11
0.674243, -0.965129, 20, 12
0.807588, -0.821438, 20, 13
0.880924, -0.702127, 20, 14
0.916852, -0.615484, 20, 15
0.93091, -0.560516, 20, 16
0.931554, -0.534295, 20, 17
0.922152, -0.534632, 20, 18
0.902418, -0.560421, 20, 19
0.868797, -0.611242, 20, 20
0.814427, -0.686056, 20, 21
0.729393, -0.780846, 20, 22
0.602847, -0.88508, 20, 23
0.4287, -0.979049, 20, 24
0.213697, -1.03689, 20, 25
-0.020005, -1.03813, 20, 26
-0.243669, -0.979096, 20, 27
-0.434569, -0.872062, 20, 28
-0.582737, -0.735493, 20, 29
-0.68884, -0.58508, 20, 30
-0.758326, -0.430721, 20, 31
-0.797077, -0.277832, 20, 32
-0.809739, -0.129548, 20, 33
-0.799755, 0.011868, 20, 34
-0.769877, 0.144267, 20, 35
-0.722715, 0.265514, 20, 36
-0.661038, 0.373679, 20, 37
-0.58784, 0.467292, 20, 38
-0.506248, 0.545469, 20, 39
-0.419368, 0.607967, 20, 40
-0.330148, 0.655159, 20, 41
-0.241156, 0.688003, 20, 42
-0.154587, 0.707835, 20, 43
-0.0721812, 0.716242, 20, 44
0.00480452, 0.714985, 20, 45
0.0755524, 0.705841, 20, 46
0.139606, 0.6905, 20, 47
0.196902, 0.670518, 20, 48
0.247583, 0.647247, 20, 49
-0.604641, -0.48098, 21, 0
-0.697723, -0.470122, 21, 1
-0.688711, -0.527194, 21, 2
-0.670984, -0.593885, 21, 3
-0.640065, -0.671471, 21, 4
-0.589406, -0.760348, 21, 5
-0.510114, -0.858513, 21, 6
-0.392076, -0.958905, 21, 7
-0.228297, -1.04659, 21, 8
-0.0227035, -1.09964, 21, 9
0.204276, -1.09854, 21, 10
0.420937, -1.04002, 21, 11
0.59969, -0.941604, 21, 12
0.729597, -0.830129, 21, 13
0.815558, -0.727039, 21, 14
0.868894, -0.643656, 21, 15
0.900201, -0.584174, 21, 16
0.916781, -0.549678, 21, 17
0.922415, -0.54074, 21, 18
0.917569, -0.558511, 21, 19
0.899038, -0.605063, 21, 20
0.85894, -0.68263, 21, 21
0.783312, -0.791029, 21, 22
0.652653, -0.921437, 21, 23
0.450517, -1.04714, 21, 24
0.18298, -1.12341, 21, 25
-0.109955, -1.11273, 21, 26
-0.375317, -1.01541, 21, 27
-0.579189, -0.863432, 21, 28
-0.717392, -0.691385, 21, 29
-0.802355, -0.519677, 21, 30
-0.848356, -0.355983, 21, 31
-0.865713, -0.201871, 21, 32
-0.860699, -0.0571777, 21, 33
-0.836976, 0.0782454, 21, 34
-0.796849, 0.203948, 21, 35
-0.742156, 0.318894, 21, 36
-0.674795, 0.421716, 21, 37
-0.596951, 0.511071, 21, 38
-0.511114, 0.585921, 21, 39
-0.419997, 0.645692, 21, 40
-0.326411, 0.690348, 21, 41
-0.232999, 0.720533, 21, 42
-0.14213, 0.737368, 21, 43
-0.0557759, 0.742395, 21, 44
0.0246203, 0.737404, 21, 45
0.0980866, 0.724321, 21, 46
0.164156, 0.704981, 21, 47
0.222734, 0.681084, 21, 48
0.274054, 0.654127, 21, 49
-0.550901, -0.532422, 22, 0
-0.638894, -0.524368, 22, 1
-0.619368, -0.581629, 22, 2
-0.589566, -0.646218, 22, 3
-0.54554, -0.718022, 22, 4
-0.482286, -0.795634, 22, 5
-0.394194, -0.87532, 22, 6
-0.276477, -0.949873, 22, 7
-0.128029, -1.00827, 22, 8
0.0454068, -1.03774, 22, 9
0.230021, -1.02884, 22, 10
0.407364, -0.981013, 22, 11
0.561161, -0.903919, 22, 12
0.683039, -0.812954, 22, 13
0.773205, -0.722751, 22, 14
0.837079, -0.643527, 22, 15
0.881419, -0.581247, 22, 16
0.911985, -0.539244, 22, 17
0.932575, -0.520128, 22, 18
0.944499, -0.52705, 22, 19
0.945726, -0.564721, 22, 20
0.928759, -0.639933, 22, 21
0.876431, -0.760349, 22, 22
0.755935, -0.927251, 22, 23
0.523407, -1.1124, 22, 24
0.170061, -1.23216, 22, 25
-0.224787, -1.20059, 22, 26
-0.54954, -1.03353, 22, 27
-0.75545, -0.816147, 22, 28
-0.865256, -0.606848, 22, 29
-0.915931, -0.421314, 22, 30
-0.931864, -0.257381, 22, 31
-0.925629, -0.109686, 22, 32
-0.90306, 0.0259976, 22, 33
-0.866652, 0.151965, 22, 34
-0.817484, 0.26896, 22, 35
-0.75623, 0.376569, 22, 36
-0.68378, 0.473589, 22, 37
-0.601478, 0.558529, 22, 38
-0.511241, 0.629966, 22, 39
-0.415509, 0.686817, 22, 40
-0.317066, 0.728586, 22, 41
-0.218716, 0.755574, 22, 42
-0.123149, 0.768698, 22, 43
-0.032612, 0.769508, 22, 44
0.0511968, 0.759923, 22, 45
0.127216, 0.742064, 22, 46
0.194885, 0.717996, 22, 47
0.254249, 0.689595, 22, 48
0.305616, 0.658498, 22, 49
-0.498727, -0.57109, 23, 0
-0.580356, -0.566067, 23, 1
-0.55216, -0.621144, 23, 2
-0.513131, -0.681205, 23, 3
-0.460159, -0.745222, 23, 4
-0.389784, -0.810935, 23, 5
-0.29878, -0.87432, 23, 6
-0.185363, -0.929249, 23, 7
-0.0506518, -0.967961, 23, 8
0.0999333, -0.982722, 23, 9
0.256855, -0.968546, 23, 10
0.408453, -0.925653, 23, 11
0.544307, -0.859961, 23, 12
0.658241, -0.781016, 23, 13
0.749023, -0.698896, 23, 14
0.819215, -0.621868, 23, 15
0.873138, -0.555888, 23, 16
0.91538, -0.505084, 23, 17
0.94977, -0.472989, 23, 18
0.978846, -0.463724, 23, 19
1.00298, -0.48353, 23, 20
1.01829, -0.542824, 23, 21
1.01056, -0.659275, 23, 22
0.938192, -0.858994, 23, 23
0.699274, -1.14991, 23, 24
0.19277, -1.38841, 23, 25
-0.405579, -1.30441, 23, 26
-0.804929, -0.990554, 23, 27
-0.96893, -0.690996, 23, 28
-1.01725, -0.461568, 23, 29
-1.01935, -0.282565, 23, 30
-1.00135, -0.133695, 23, 31
-0.972149, -0.00251807, 23, 32
-0.934185, 0.117829, 23, 33
-0.887506, 0.230666, 23, 34
-0.831387, 0.337052, 23, 35
-0.765126, 0.436545, 23, 36
-0.688525, 0.527642, 23, 37
-0.602102, 0.608392, 23, 38
-0.507297, 0.676683, 23, 39
-0.406376, 0.730751, 23, 40
-0.302283, 0.769497, 23, 41
-0.198212, 0.792807, 23, 42
-0.0972894, 0.801472, 23, 43
-0.00217962, 0.797127, 23, 44
0.0851382, 0.781939, 23, 45
0.163455, 0.758352, 23, 46
0.232301, 0.728727, 23, 47
0.2918, 0.695189, 23, 48
0.342479, 0.659529, 23, 49
-0.449694, -0.598949, 24, 0
-0.524154, -0.596766, 24, 1
-0.489181, -0.648224, 24, 2
-0.44353, -0.702575, 24, 3
-0.384878, -0.75833, 24, 4
-0.310971, -0.812982, 24, 5
-0.220172, -0.862803, 24, 6
-0.112184, -0.902893, 24, 7
0.0111206, -0.927751, 24, 8
0.145193, -0.932414, 24, 9
0.283191, -0.913985, 24, 10
0.417214, -0.872824, 24, 11
0.540152, -0.812743, 24, 12
0.647382, -0.739978, 24, 13
0.737318, -0.66159, 24, 14
0.811126, -0.583947, 24, 15
0.871692, -0.512201, 24, 16
0.922746, -0.450264, 24, 17
0.968197, -0.401428, 24, 18
1.01181, -0.369318, 24, 19
1.05703, -0.359125, 24, 20
1.10643, -0.380305, 24, 21
1.15925, -0.452263, 24, 22
1.19806, -0.620876, 24, 23
1.10409, -1.00686, 24, 24
0.315878, -1.66952, 24, 25
-0.815207, -1.34978, 24, 26
-1.18286, -0.746501, 24, 27
-1.19041, -0.431154, 24, 28
-1.145, -0.241448, 24, 29
-1.09521, -0.103678, 24, 30
-1.04748, 0.0109072, 24, 31
-1.00067, 0.114921, 24, 32
-0.952148, 0.214107, 24, 33
-0.899099, 0.310784, 24, 34
-0.838982, 0.40525, 24, 35
-0.769761, 0.496391, 24, 36
-0.690171, 0.582025, 24, 37
-0.600007, 0.659316, 24, 38
-0.500281, 0.725217, 24, 39
-0.393282, 0.777001, 24, 40
-0.282334, 0.812797, 24, 41
-0.171303, 0.831995, 24, 42
-0.0640277, 0.835328, 24, 43
0.0362352, 0.82467, 24, 44
0.127185, 0.802656, 24, 45
0.207522, 0.77221, 24, 46
0.276898, 0.736119, 24, 47
0.335719, 0.696794, 24, 48
0.384814, 0.656178, 24, 49
-0.404706, -0.617938, 25, 0
-0.471619, -0.618171, 25, 1
-0.431625, -0.66526, 25, 2
-0.38147, -0.713554, 25, 3
-0.319502, -0.761377, 25, 4
-0.244337, -0.806283, 25, 5
-0.155259, -0.845021, 25, 6
-0.0526925, -0.87371, 25, 7
0.0613686, -0.888318, 25, 8
0.183219, -0.885441, 25, 9
0.307769, -0.863171, 25, 10
0.42935, -0.821746, 25, 11
0.542791, -0.763661, 25, 12
0.644492, -0.693075, 25, 13
0.732832, -0.614941, 25, 14
0.808199, -0.534024, 25, 15
0.872517, -0.454354, 25, 16
0.92876, -0.379021, 25, 17
0.980588, -0.310262, 25, 18
1.03226, -0.249817, 25, 19
1.08895, -0.199336, 25, 20
1.15772, -0.16107, 25, 21
1.25014, -0.139534, 25, 22
1.39033, -0.146459, 25, 23
1.64929, -0.222794, 25, 24
1.41281, -1.068, 25, 25
-1.87452, -0.337182, 25, 26
-1.50111, -0.122917, 25, 27
-1.31587, -0.0307693, 25, 28
-1.20383, 0.0366253, 25, 29
-1.12492, 0.0996745, 25, 30
-1.06286, 0.164803, 25, 31
-1.0088, 0.234262, 25, 32
-0.956825, 0.308706, 25, 33
-0.902423, 0.387695, 25, 34
-0.841841, 0.469973, 25, 35
-0.772004, 0.553339, 25, 36
-0.690734, 0.634647, 25, 37
-0.597095, 0.709907, 25, 38
-0.491739, 0.774826, 25, 39
-0.377199, 0.825303, 25, 40
-0.257518, 0.858415, 25, 41
-0.137649, 0.873014, 25, 42
-0.0225508, 0.86986, 25, 43
0.0836939, 0.851387, 25, 44
0.178373, 0.820974, 25, 45
0.260222, 0.782321, 25, 46
0.329239, 0.738765, 25, 47
0.386277, 0.69304, 25, 48
0.432646, 0.647207, 25, 49
-0.364152, -0.629815, 26, 0
-0.423544, -0.631921, 26, 1
-0.380002, -0.674384, 26, 2
-0.326993, -0.716748, 26, 3
-0.263387, -0.757318, 26, 4
-0.188351, -0.793839, 26, 5
-0.101702, -0.823526, 26, 6
-0.00416722, -0.843253, 26, 7
0.102389, -0.84993, 26, 8
0.21494, -0.841022, 26, 9
0.329565, -0.815075, 26, 10
0.441937, -0.772118, 26, 11
0.548106, -0.713691, 26, 12
0.645061, -0.642557, 26, 13
0.731142, -0.562157, 26, 14
0.806179, -0.475913, 26, 15
0.871247, -0.386772, 26, 16
0.928422, -0.296794, 26, 17
0.980521, -0.206882, 26, 18
1.03092, -0.11657, 26, 19
1.0836, -0.0232903, 26, 20
1.14327, 0.0792329, 26, 21
1.21519, 0.205703, 26, 22
1.30079, 0.39483, 26, 23
1.34049, 0.782029, 26, 24
0.412759, 1.844, 26, 25
-1.14317, 1.2351, 26, 26
-1.3365, 0.592098, 26, 27
-1.25011, 0.390112, 26, 28
-1.16809, 0.315921, 26, 29
-1.10203, 0.297678, 26, 30
-1.04716, 0.310858, 26, 31
-0.998251, 0.34492, 26, 32
-0.950663, 0.3945, 26, 33
-0.900174, 0.456236, 26, 34
-0.842785, 0.527268, 26, 35
-0.774804, 0.604315, 26, 36
-0.693146, 0.683261, 26, 37
-0.59609, 0.758798, 26, 38
-0.483876, 0.824932, 26, 39
-0.359448, 0.875697, 26, 40
-0.228068, 0.906646, 26, 41
-0.0965503, 0.915911, 26, 42
0.0284659, 0.9046, 26, 43
0.141681, 0.87617, 26, 44
0.240033, 0.835317, 26, 45
0.322541, 0.786838, 26, 46
0.38984, 0.734791, 26, 47
0.443608, 0.682178, 26, 48
0.485813, 0.631054, 26, 49
-0.328119, -0.636074, 27, 0
-0.380338, -0.639485, 27, 1
-0.334466, -0.677365, 27, 2
-0.279863, -0.714178, 27, 3
-0.215791, -0.748289, 27, 4
-0.141744, -0.777671, 27, 5
-0.0578282, -0.799921, 27, 6
0.0351374, -0.812456, 27, 7
0.135491, -0.812776, 27, 8
0.240725, -0.79882, 27, 9
0.347704, -0.76931, 27, 10
0.452954, -0.724009, 27, 11
0.553239, -0.663744, 27, 12
0.645802, -0.590298, 27, 13
0.728895, -0.505977, 27, 14
0.801737, -0.4132, 27, 15
0.864568, -0.313992, 27, 16
0.918326, -0.209588, 27, 17
0.964416, -0.0999611, 27, 18
1.0042, 0.0167876, 27, 19
1.03821, 0.145454, 27, 20
1.06411, 0.295851, 27, 21
1.07085, 0.48707, 27, 22
1.01859, 0.754674, 27, 23
0.778184, 1.13729, 27, 24
0.167155, 1.4728, 27, 25
-0.555191, 1.33942, 27, 26
-0.955136, 0.954036, 27, 27
-1.06032, 0.682925, 27, 28
-1.06447, 0.533976, 27, 29
-1.0406, 0.459838, 27, 30
-1.00928, 0.432366, 27, 31
-0.97536, 0.436713, 27, 32
-0.938594, 0.464702, 27, 33
-0.896566, 0.511373, 27, 34
-0.845783, 0.573024, 27, 35
-0.782113, 0.645946, 27, 36
-0.701482, 0.725277, 27, 37
-0.600874, 0.804454, 27, 38
-0.479838, 0.875182, 27, 39
-0.341798, 0.928726, 27, 40
-0.194192, 0.958225, 27, 41
-0.0466967, 0.960953, 27, 42
0.0911375, 0.938815, 27, 43
0.212435, 0.897314, 27, 44
0.313957, 0.843297, 27, 45
0.395524, 0.783149, 27, 46
0.459125, 0.721669, 27, 47
0.507587, 0.661996, 27, 48
0.543806, 0.605967, 27, 49
-0.296482, -0.637955, 28, 0
-0.342142, -0.64213, 28, 1
-0.294915, -0.675652, 28, 2
-0.239716, -0.707395, 28, 3
-0.175985, -0.73585, 28, 4
-0.103486, -0.759179, 28, 5
-0.0224484, -0.77529, 28, 6
0.0663417, -0.781968, 28, 7
0.161419, -0.777078, 28, 8
0.26068, -0.7588, 28, 9
0.361504, -0.725879, 28, 10
0.460953, -0.677801, 28, 11
0.55612, -0.614862, 28, 12
0.644397, -0.538063, 28, 13
0.723705, -0.448948, 28, 14
0.792684, -0.349185, 28, 15
0.850579, -0.240292, 28, 16
0.897133, -0.123118, 28, 17
0.932132, 0.00257294, 28, 18
0.954682, 0.138633, 28, 19
0.961841, 0.289197, 28, 20
0.945895, 0.461214, 28, 21
0.888595, 0.663986, 28, 22
0.751905, 0.90177, 28, 23
0.479591, 1.14445, 28, 24
0.0624082, 1.28702, 28, 25
-0.383927, 1.22823, 28, 26
-0.710217, 1.0266, 28, 27
-0.879173, 0.818737, 28, 28
-0.947329, 0.666081, 28, 29
-0.96659, 0.570143, 28, 30
-0.963409, 0.519129, 28, 31
-0.948941, 0.50274, 28, 32
-0.926751, 0.51408, 28, 33
-0.89649, 0.548616, 28, 34
-0.855318, 0.60313, 28, 35
-0.798647, 0.674349, 28, 36
-0.720862, 0.757483, 28, 37
-0.616762, 0.844868, 28, 38
-0.484149, 0.925306, 28, 39
-0.326843, 0.985574, 28, 40
-0.155622, 1.01469, 28, 41
0.014402, 1.00856, 28, 42
0.169069, 0.971142, 28, 43
0.299272, 0.911868, 28, 44
0.40234, 0.841164, 28, 45
0.480181, 0.767458, 28, 46
0.537031, 0.696099, 28, 47
0.5775, 0.629879, 28, 48
0.605603, 0.569938, 28, 49
-0.269084, -0.63645, 29, 0
-0.308895, -0.64093, 29, 1
-0.261146, -0.6704, 29, 2
-0.206093, -0.697608, 29, 3
-0.143333, -0.721153, 29, 4
-0.0727729, -0.739371, 29, 5
0.00531612, -0.750405, 29, 6
0.0902259, -0.75229, 29, 7
0.180657, -0.743104, 29, 8
0.27481, -0.72114, 29, 9
0.37043, -0.685069, 29, 10
0.464901, -0.634108, 29, 11
0.555449, -0.568098, 29, 12
0.639377, -0.487493, 29, 13
0.714221, -0.39329, 29, 14
0.777916, -0.286775, 29, 15
0.828782, -0.16928, 29, 16
0.86538, -0.0418488, 29, 17
0.886124, 0.09515, 29, 18
0.888513, 0.242259, 29, 19
0.867872, 0.400991, 29, 20
0.815489, 0.57289, 29, 21
0.716434, 0.756712, 29, 22
0.550267, 0.941075, 29, 23
0.302659, 1.0941, 29, 24
-0.00920207, 1.16658, 29, 25
-0.327072, 1.12856, 29, 26
-0.585375, 1.00562, 29, 27
-0.756109, 0.85674, 29, 28
-0.852837, 0.726054, 29, 29
-0.901591, 0.629865, 29, 30
-0.922512, 0.56905, 29, 31
-0.927123, 0.540102, 29, 32
-0.920733, 0.539342, 29, 33
-0.904307, 0.564235, 29, 34
-0.875597, 0.613137, 29, 35
-0.829361, 0.684437, 29, 36
-0.757665, 0.774817, 29, 37
-0.651274, 0.876527, 29, 38
-0.503783, 0.97474, 29, 39
-0.318321, 1.0485, 29, 40
-0.111446, 1.07878, 29, 41
0.0915732, 1.05915, 29, 42
0.268167, 0.998615, 29, 43
0.406806, 0.914493, 29, 44
0.50756, 0.822954, 29, 45
0.57685, 0.73445, 29, 46
0.622653, 0.653901, 29, 47
0.651802, 0.582796, 29, 48
0.669453, 0.520919, 29, 49
-0.245681, -0.632363, 30, 0
-0.280498, -0.636752, 30, 1
-0.232867, -0.66254, 30, 2
-0.178555, -0.68574, 30, 3
-0.117272, -0.705062, 30, 4
-0.0489675, -0.718995, 30, 5
0.0260973, -0.725855, 30, 6
0.10727, -0.72385, 30, 7
0.193463, -0.711172, 30, 8
0.283081, -0.686141, 30, 9
0.374106, -0.647316, 30, 10
0.464123, -0.593636, 30, 11
0.550357, -0.524566, 30, 12
0.629901, -0.440127, 30, 13
0.69979, -0.34099, 30, 14
0.757247, -0.228306, 30, 15
0.799682, -0.10366, 30, 16
0.824724, 0.031283, 30, 17
0.82991, 0.174924, 30, 18
0.812165, 0.325874, 30, 19
0.767041, 0.482578, 30, 20
0.687996, 0.642164, 30, 21
0.566638, 0.798067, 30, 22
0.395903, 0.936717, 30, 23
0.17717, 1.03668, 30, 24
-0.0719371, 1.07539, 30, 25
-0.318621, 1.04395, 30, 26
-0.529168, 0.957304, 30, 27
-0.685934, 0.84578, 30, 28
-0.79073, 0.737454, 30, 29
-0.855834, 0.648546, 30, 30
-0.89411, 0.585349, 30, 31
-0.915025, 0.548907, 30, 32
-0.923943, 0.538835, 30, 33
-0.922616, 0.554934, 30, 34
-0.909329, 0.597907, 30, 35
-0.878342, 0.669102, 30, 36
-0.818942, 0.768774, 30, 37
-0.715087, 0.892023, 30, 38
-0.550425, 1.02109, 30, 39
-0.322828, 1.12127, 30, 40
-0.0589935, 1.15538, 30, 41
0.194315, 1.11227, 30, 42
0.398434, 1.01417, 30, 43
0.54105, 0.8951, 30, 44
0.631164, 0.779222, 30, 45
0.684231, 0.676931, 30, 46
0.713364, 0.590232, 30, 47
0.727601, 0.517719, 30, 48
0.732658, 0.457148, 30, 49
-0.225981, -0.626348, 31, 0
-0.256756, -0.630318, 31, 1
-0.209802, -0.652798, 31, 2
-0.156732, -0.672499, 31, 3
-0.0973179, -0.688231, 31, 4
-0.0315548, -0.698613, 31, 5
0.0403644, -0.702097, 31, 6
0.117862, -0.697007, 31, 7
0.200002, -0.681608, 31, 8
0.285431, -0.654175, 31, 9
0.372263, -0.613134, 31, 10
0.458198, -0.557144, 31, 11
0.540375, -0.485324, 31, 12
0.615603, -0.397343, 31, 13
0.68035, -0.293661, 31, 14
0.731061, -0.175565, 31, 15
0.764358, -0.0451441, 31, 16
0.777191, 0.0948708, 31, 17
0.766808, 0.241349, 31, 18
0.730546, 0.390857, 31, 19
0.665462, 0.539445, 31, 20
0.568326, 0.681829, 31, 21
0.436462, 0.810287, 31, 22
0.270073, 0.91394, 31, 23
0.0754915, 0.980089, 31, 24
-0.133015, 0.998694, 31, 25
-0.335514, 0.968309, 31, 26
-0.51275, 0.8993, 31, 27
-0.653759, 0.809669, 31, 28
-0.757635, 0.71766, 31, 29
-0.830362, 0.636333, 31, 30
-0.880046, 0.572984, 31, 31
-0.913845, 0.530989, 31, 32
-0.936702, 0.512077, 31, 33
-0.950957, 0.518033, 31, 34
-0.95592, 0.551841, 31, 35
-0.946562, 0.61844, 31, 36
-0.910466, 0.724477, 31, 37
-0.822845, 0.874397, 31, 38
-0.645466, 1.05531, 31, 39
-0.353793, 1.21012, 31, 40
0.00860468, 1.25375, 31, 41
0.342613, 1.16299, 31, 42
0.576042, 1.00018, 31, 43
0.707444, 0.83487, 31, 44
0.771241, 0.696103, 31, 45
0.797428, 0.586433, 31, 46
0.80392, 0.500473, 31, 47
0.800259, 0.432426, 31, 48
0.791439, 0.377734, 31, 49
-0.209739, -0.618916, 32, 0
-0.237401, -0.622219, 32, 1
-0.19158, -0.641768, 32, 2
-0.140182, -0.658444, 32, 3
-0.083027, -0.671158, 32, 4
-0.0200629, -0.678647, 32, 5
0.0485196, -0.679478, 32, 6
0.122307, -0.672058, 32, 7
0.200472, -0.654691, 32, 8
0.281828, -0.625603, 32, 9
0.364721, -0.583031, 32, 10
0.446838, -0.525374, 32, 11
0.525261, -0.451367, 32, 12
0.596413, -0.360354, 32, 13
0.656146, -0.252639, 32, 14
0.700082, -0.129772, 32, 15
0.72407, 0.00535617, 32, 16
0.724633, 0.148659, 32, 17
0.699279, 0.295286, 32, 18
0.646484, 0.440001, 32, 19
0.565486, 0.577328, 32, 20
0.45628, 0.701349, 32, 21
0.320164, 0.805334, 32, 22
0.160874, 0.881906, 32, 23
-0.0143705, 0.924311, 32, 24
-0.194697, 0.928726, 32, 25
-0.367135, 0.896691, 32, 26
-0.520188, 0.83604, 32, 27
-0.646964, 0.758665, 32, 28
-0.746346, 0.676915, 32, 29
-0.821605, 0.600742, 32, 30
-0.878136, 0.536744, 32, 31
-0.92145, 0.48885, 32, 32
-0.956079, 0.459748, 32, 33
-0.985144, 0.452079, 32, 34
-1.0098, 0.469995, 32, 35
-1.02789, 0.521092, 32, 36
-1.03021, 0.618807, 32, 37
-0.988948, 0.785599, 32, 38
-0.831121, 1.0425, 32, 39
-0.445216, 1.32369, 32, 40
0.110876, 1.39349, 32, 41
0.582296, 1.18572, 32, 42
0.821974, 0.911951, 32, 43
0.902792, 0.702094, 32, 44
0.916703, 0.557166, 32, 45
0.905636, 0.455735, 32, 46
0.885781, 0.382082, 32, 47
0.863505, 0.326467, 32, 48
0.841264, 0.283167, 32, 49
-0.196674, -0.610484, 33, 0
-0.222192, -0.612922, 33, 1
-0.177916, -0.629894, 33, 2
-0.128562, -0.643989, 33, 3
-0.073976, -0.654211, 33, 4
-0.0140987, -0.659406, 33, 5
0.0509452, -0.658244, 33, 6
0.120838, -0.64922, 33, 7
0.194938, -0.630659, 33, 8
0.272261, -0.600726, 33, 9
0.351271, -0.557488, 33, 10
0.429794, -0.499025, 33, 11
0.504806, -0.423648, 33, 12
0.572353, -0.330284, 33, 13
0.627562, -0.219053, 33, 14
0.665098, -0.0918282, 33, 15
0.67997, 0.0474823, 33, 16
0.668437, 0.193097, 33, 17
0.628736, 0.338261, 33, 18
0.561073, 0.476182, 33, 19
0.467175, 0.600758, 33, 20
0.349827, 0.7066, 33, 21
0.212842, 0.788907, 33, 22
0.0613086, 0.843552, 33, 23
-0.0980569, 0.867673, 33, 24
-0.257181, 0.860735, 33, 25
-0.407527, 0.825488, 33, 26
-0.541919, 0.768153, 33, 27
-0.656168, 0.697085, 33, 28
-0.74953, 0.620965, 33, 29
-0.824183, 0.54712, 33, 30
-0.883986, 0.480887, 33, 31
-0.933374, 0.425765, 33, 32
-0.976598, 0.384176, 33, 33
-1.0175, 0.35838, 33, 34
-1.05938, 0.351707, 33, 35
-1.10484, 0.37056, 33, 36
-1.15438, 0.42869, 33, 37
-1.19918, 0.558683, 33, 38
-1.17532, 0.847899, 33, 39
-0.714971, 1.44688, 33, 40
0.316367, 1.62168, 33, 41
1.0214, 1.04411, 33, 42
1.13015, 0.652803, 33, 43
1.09436, 0.460827, 33, 44
1.0413, 0.352663, 33, 45
0.99148, 0.284273, 33, 46
0.947879, 0.237182, 33, 47
0.910156, 0.202636, 33, 48
0.877405, 0.176044, 33, 49
-0.186538, -0.601382, 34, 0
-0.210806, -0.602816, 34, 1
-0.168428, -0.617544, 34, 2
-0.121474, -0.629456, 34, 3
-0.0697845, -0.637657, 34, 4
-0.0132905, -0.641097, 34, 5
0.0479448, -0.638556, 34, 6
0.113717, -0.628616, 34, 7
0.183545, -0.609643, 34, 8
0.256644, -0.579766, 34, 9
0.331707, -0.536882, 34, 10
0.406744, -0.478721, 34, 11
0.478734, -0.403076, 34, 12
0.543345, -0.308286, 34, 13
0.594889, -0.194067, 34, 14
0.626808, -0.0625145, 34, 15
0.632971, 0.0811456, 34, 16
0.609425, 0.228954, 34, 17
0.555607, 0.371853, 34, 18
0.47412, 0.501748, 34, 19
0.369456, 0.612648, 34, 20
0.246694, 0.700645, 34, 21
0.110963, 0.763313, 34, 22
-0.0324414, 0.799274, 34, 23
-0.177982, 0.808277, 34, 24
-0.319829, 0.79158, 34, 25
-0.452477, 0.752281, 34, 26
-0.571437, 0.69542, 34, 27
-0.674278, 0.627054, 34, 28
-0.760744, 0.55331, 34, 29
-0.832468, 0.479488, 34, 30
-0.892411, 0.409499, 34, 31
-0.944155, 0.345864, 34, 32
-0.991562, 0.290006, 34, 33
-1.03864, 0.242632, 34, 34
-1.08984, 0.204234, 34, 35
-1.15083, 0.17569, 34, 36
-1.23039, 0.159446, 34, 37
-1.34582, 0.162832, 34, 38
-1.54427, 0.211204, 34, 39
-1.94159, 0.451374, 34, 40
1.66125, 0.855124, 34, 41
1.61871, 0.249107, 34, 42
1.3503, 0.153268, 34, 43
1.20484, 0.115511, 34, 44
1.10751, 0.0959651, 34, 45
1.03569, 0.083567, 34, 46
0.979558, 0.0745545, 34, 47
0.934001, 0.0673067, 34, 48
0.895994, 0.0611036, 34, 49
-0.179032, -0.591882, 35, 0
-0.202924, -0.592198, 35, 1
-0.162738, -0.604986, 35, 2
-0.118476, -0.615071, 35, 3
-0.0699815, -0.621661, 35, 4
-0.0171737, -0.623818, 35, 5
0.0399442, -0.620441, 35, 6
0.101248, -0.610221, 35, 7
0.166431, -0.591604, 35, 8
0.234954, -0.562718, 35, 9
0.305803, -0.521339, 35, 10
0.377262, -0.464859, 35, 11
0.446503, -0.39044, 35, 12
0.509001, -0.29551, 35, 13
0.558151, -0.178905, 35, 14
0.585673, -0.0426513, 35, 15
0.58362, 0.106452, 35, 16
0.547656, 0.257285, 35, 17
0.479171, 0.397678, 35, 18
0.384187, 0.518389, 35, 19
0.270331, 0.614533, 35, 20
0.144441, 0.684623, 35, 21
0.0119903, 0.728897, 35, 22
-0.122496, 0.748304, 35, 23
-0.254925, 0.744295, 35, 24
-0.381468, 0.718995, 35, 25
-0.498684, 0.675432, 35, 26
-0.603921, 0.617601, 35, 27
-0.695865, 0.5499, 35, 28
-0.774585, 0.476637, 35, 29
-0.841409, 0.401434, 35, 30
-0.898551, 0.326902, 35, 31
-0.94882, 0.254384, 35, 32
-0.995251, 0.184073, 35, 33
-1.0411, 0.114736, 35, 34
-1.08986, 0.043509, 35, 35
-1.14557, -0.0352792, 35, 36
-1.213, -0.13338, 35, 37
-1.29638, -0.278944, 35, 38
-1.37717, -0.558308, 35, 39
-1.03188, -1.36697, 35, 40
0.521357, -1.73124, 35, 41
1.31348, -0.767683, 35, 42
1.26577, -0.40445, 35, 43
1.17053, -0.252197, 35, 44
1.09124, -0.171372, 35, 45
1.02747, -0.12292, 35, 46
0.975398, -0.0915624, 35, 47
0.932035, -0.070268, 35, 48
0.895255, -0.0554022, 35, 49
-0.173888, -0.582193, 36, 0
-0.198143, -0.581317, 36, 1
-0.160429, -0.592426, 36, 2
-0.119116, -0.600991, 36, 3
-0.0740882, -0.606319, 36, 4
-0.0252639, -0.60759, 36, 5
0.0273871, -0.603836, 36, 6
0.0838126, -0.593889, 36, 7
0.143882, -0.576321, 36, 8
0.207237, -0.549356, 36, 9
0.273254, -0.510732, 36, 10
0.340684, -0.457583, 36, 11
0.407148, -0.386393, 36, 12
0.468307, -0.293298, 36, 13
0.516751, -0.175404, 36, 14
0.541756, -0.0336917, 36, 15
0.532079, 0.123259, 36, 16
0.482356, 0.279159, 36, 17
0.39744, 0.41696, 36, 18
0.288795, 0.526672, 36, 19
0.167567, 0.606298, 36, 20
0.0413477, 0.65798, 36, 21
-0.0853118, 0.684775, 36, 22
-0.209395, 0.689394, 36, 23
-0.328484, 0.674213, 36, 24
-0.440433, 0.641581, 36, 25
-0.54329, 0.594121, 36, 26
-0.63561, 0.534887, 36, 27
-0.716728, 0.467006, 36, 28
-0.786881, 0.393386, 36, 29
-0.847035, 0.31639, 36, 30
-0.898765, 0.237487, 36, 31
-0.943952, 0.157049, 36, 32
-0.984491, 0.0742097, 36, 33
-1.02205, -0.0136494, 36, 34
-1.05753, -0.111478, 36, 35
-1.08993, -0.228211, 36, 36
-1.11281, -0.380341, 36, 37
-1.10198, -0.59898, 36, 38
-0.972697, -0.934279, 36, 39
-0.522774, -1.35115, 36, 40
0.20197, -1.45042, 36, 41
0.771959, -1.11972, 36, 42
0.984964, -0.76918, 36, 43
1.02078, -0.543324, 36, 44
1.00321, -0.402076, 36, 45
0.971557, -0.30955, 36, 46
0.937767, -0.24593, 36, 47
0.905557, -0.200454, 36, 48
0.875973, -0.166945, 36, 49
-0.170838, -0.572483, 37, 0
-0.196158, -0.570347, 37, 1
-0.161094, -0.580011, 37, 2
-0.122944, -0.587314, 37, 3
-0.0816166, -0.591662, 37, 4
-0.0370474, -0.592362, 37, 5
0.010796, -0.58859, 37, 6
0.0619104, -0.579348, 37, 7
0.11625, -0.5634, 37, 8
0.173662, -0.539156, 37, 9
0.233866, -0.504497, 37, 10
0.296186, -0.456513, 37, 11
0.359099, -0.391169, 37, 12
0.419141, -0.303091, 37, 13
0.468848, -0.186344, 37, 14
0.494399, -0.0384632, 37, 15
0.477973, 0.130846, 37, 16
0.411262, 0.29577, 37, 17
0.306402, 0.430265, 37, 18
0.184193, 0.525531, 37, 19
0.0588643, 0.58599, 37, 20
-0.0635103, 0.618773, 37, 21
-0.180893, 0.629334, 37, 22
-0.292433, 0.621252, 37, 23
-0.39736, 0.59701, 37, 24
-0.494769, 0.558685, 37, 25
-0.583749, 0.508273, 37, 26
-0.663487, 0.448011, 37, 27
-0.733704, 0.37997, 37, 28
-0.794561, 0.30607, 37, 29
-0.846656, 0.227703, 37, 30
-0.890875, 0.145569, 37, 31
-0.928166, 0.0593712, 37, 32
-0.959155, -0.0323213, 37, 33
-0.983708, -0.132511, 37, 34
-1.00001, -0.246156, 37, 35
-1.00262, -0.381106, 37, 36
-0.978427, -0.548391, 37, 37
-0.898072, -0.759766, 37, 38
-0.707359, -1.0094, 37, 39
-0.358999, -1.22512, 37, 40
0.0874528, -1.27641, 37, 41
0.481542, -1.1361, 37, 42
0.72503, -0.917675, 37, 43
0.838064, -0.720734, 37, 44
0.878631, -0.570237, 37, 45
0.884884, -0.459339, 37, 46
0.875619, -0.377273, 37, 47
0.859685, -0.31551, 37, 48
0.84122, -0.268176, 37, 49
-0.169585, -0.56289, 38, 0
-0.196541, -0.559441, 38, 1
-0.164292, -0.567852, 38, 2
-0.129453, -0.574099, 38, 3
-0.0920073, -0.577682, 38, 4
-0.0519032, -0.578035, 38, 5
-0.00916222, -0.574483, 38, 6
0.0362077, -0.566223, 38, 7
0.0841781, -0.552254, 38, 8
0.134712, -0.53128, 38, 9
0.187737, -0.501527, 38, 10
0.243119, -0.460401, 38, 11
0.300349, -0.403916, 38, 12
0.357753, -0.325665, 38, 13
0.409882, -0.215737, 38, 14
0.44099, -0.0630346, 38, 15
0.420042, 0.127074, 38, 16
0.328795, 0.308677, 38, 17
0.198206, 0.436325, 38, 18
0.0654958, 0.510749, 38, 19
-0.0570361, 0.549314, 38, 20
-0.169265, 0.563962, 38, 21
-0.273096, 0.560809, 38, 22
-0.369737, 0.542997, 38, 23
-0.459575, 0.512394, 38, 24
-0.542408, 0.470458, 38, 25
-0.617805, 0.418557, 38, 26
-0.685287, 0.358161, 38, 27
-0.744582, 0.290659, 38, 28
-0.795705, 0.217199, 38, 29
-0.838832, 0.13856, 38, 30
-0.874215, 0.0549684, 38, 31
-0.901931, -0.0341305, 38, 32
-0.921531, -0.130199, 38, 33
-0.931482, -0.235673, 38, 34
-0.928224, -0.354168, 38, 35
-0.904715, -0.490042, 38, 36
-0.848092, -0.646877, 38, 37
-0.73791, -0.82242, 38, 38
-0.55086, -0.99751, 38, 39
-0.282022, -1.12723, 38, 40
0.0307569, -1.16156, 38, 41
0.321079, -1.09139, 38, 42
0.538542, -0.957324, 38, 43
0.675012, -0.809815, 38, 44
0.750089, -0.677455, 38, 45
0.78644, -0.568274, 38, 46
0.800254, -0.480833, 38, 47
0.801358, -0.411231, 38, 48
0.79544, -0.355617, 38, 49
-0.169877, -0.553516, 39, 0
-0.198912, -0.548714, 39, 1
-0.169541, -0.556035, 39, 2
-0.138111, -0.561383, 39, 3
-0.104631, -0.564354, 39, 4
-0.0691383, -0.564492, 39, 5
-0.0316937, -0.561275, 39, 6
0.00759984, -0.554088, 39, 7
0.0486632, -0.542192, 39, 8
0.0913955, -0.524643, 39, 9
0.135729, -0.500166, 39, 10
0.18169, -0.466872, 39, 11
0.229392, -0.42169, 39, 12
0.278995, -0.35898, 39, 13
0.32967, -0.267082, 39, 14
0.371965, -0.12104, 39, 15
0.35491, 0.105068, 39, 16
0.218664, 0.319939, 39, 17
0.0587035, 0.426984, 39, 18
-0.0706788, 0.472339, 39, 19
-0.177829, 0.489802, 39, 20
-0.272186, 0.490487, 39, 21
-0.358395, 0.478265, 39, 22
-0.438396, 0.454794, 39, 23
-0.512737, 0.421079, 39, 24
-0.581289, 0.377972, 39, 25
-0.643671, 0.326294, 39, 26
-0.69938, 0.267044, 39, 27
-0.748045, 0.201097, 39, 28
-0.789399, 0.129175, 39, 29
-0.823246, 0.0516943, 39, 30
-0.849297, -0.0312982, 39, 31
-0.866978, -0.120306, 39, 32
-0.875081, -0.216397, 39, 33
-0.871335, -0.32105, 39, 34
-0.851741, -0.436045, 39, 35
-0.809835, -0.562498, 39, 36
-0.736173, -0.69908, 39, 37
-0.619517, -0.838699, 39, 38
-0.451893, -0.964693, 39, 39
-0.238148, -1.05181, 39, 40
-0.0016262, -1.0779, 39, 41
0.22359, -1.03933, 39, 42
0.40936, -0.953587, 39, 43
0.544854, -0.846646, 39, 44
0.6347, -0.739035, 39, 45
0.689954, -0.641487, 39, 46
0.721413, -0.557519, 39, 47
0.737322, -0.486889, 39, 48
0.74328, -0.428006, 39, 49
-0.17141, -0.54445, 40, 0
-0.202859, -0.538265, 40, 1
-0.176411, -0.544621, 40, 2
-0.148388, -0.54919, 40, 3
-0.118887, -0.551644, 40, 4
-0.088012, -0.551628, 40, 5
-0.055934, -0.548746, 40, 6
-0.0228393, -0.542557, 40, 7
0.0110202, -0.532555, 40, 8
0.0453327, -0.518134, 40, 9
0.0797649, -0.49853, 40, 10
0.113922, -0.472694, 40, 11
0.147472, -0.439009, 40, 12
0.180252, -0.394563, 40, 13
0.21289, -0.332821, 40, 14
0.248887, -0.232633, 40, 15
0.268556, 0.0262287, 40, 16
0.0199885, 0.316468, 40, 17
-0.123913, 0.372327, 40, 18
-0.216511, 0.39486, 40, 19
-0.294042, 0.402166, 40, 20
-0.364978, 0.397726, 40, 21
-0.431792, 0.382897, 40, 22
-0.495054, 0.358445, 40, 23
-0.554574, 0.324968, 40, 24
-0.609823, 0.283061, 40, 25
-0.660156, 0.233361, 40, 26
-0.704931, 0.176572, 40, 27
-0.743588, 0.113327, 40, 28
-0.775596, 0.0441389, 40, 29
-0.80043, -0.0306908, 40, 30
-0.817416, -0.111121, 40, 31
-0.825566, -0.197395, 40, 32
-0.823319, -0.290004, 40, 33
-0.808257, -0.389468, 40, 34
-0.776768, -0.495989, 40, 35
-0.723903, -0.608618, 40, 36
-0.643768, -0.723928, 40, 37
-0.530991, -0.834626, 40, 38
-0.38413, -0.928713, 40, 39
-0.209287, -0.991848, 40, 40
-0.0213724, -1.01306, 40, 41
0.16017, -0.990742, 40, 42
0.318426, -0.93354, 40, 43
0.444398, -0.855639, 40, 44
0.537533, -0.770522, 40, 45
0.602485, -0.68749, 40, 46
0.64561, -0.611436, 40, 47
0.672811, -0.544169, 40, 48
0.688786, -0.485753, 40, 49
-0.173943, -0.535754, 41, 0
-0.208009, -0.52817, 41, 1
-0.184427, -0.533672, 41, 2
-0.159741, -0.537552, 41, 3
-0.134118, -0.539544, 41, 4
-0.107755, -0.539374, 41, 5
-0.0808978, -0.536751, 41, 6
-0.0538929, -0.531361, 41, 7
-0.0271924, -0.522871, 41, 8
-0.00136234, -0.510919, 41, 9
0.0227734, -0.495102, 41, 10
0.0441258, -0.474944, 41, 11
0.0609182, -0.449839, 41, 12
0.0701578, -0.418902, 41, 13
0.0654262, -0.380536, 41, 14
0.0273934, -0.329937, 41, 15
-0.146461, -0.205389, 41, 16
-0.272857, 0.13643, 41, 17
-0.3006, 0.235388, 41, 18
-0.342529, 0.274462, 41, 19
-0.389705, 0.289901, 41, 20
-0.438881, 0.290305, 41, 21
-0.488363, 0.278957, 41, 22
-0.536921, 0.257511, 41, 23
-0.583465, 0.227032, 41, 24
-0.627049, 0.188294, 41, 25
-0.666766, 0.141973, 41, 26
-0.701799, 0.088766, 41, 27
-0.731401, 0.0292422, 41, 28
-0.754861, -0.0361344, 41, 29
-0.771427, -0.107032, 41, 30
-0.780194, -0.18327, 41, 31
-0.779993, -0.264763, 41, 32
-0.769198, -0.351502, 41, 33
-0.74564, -0.443175, 41, 34
-0.706433, -0.538997, 41, 35
-0.648216, -0.636993, 41, 36
-0.567686, -0.73335, 41, 37
-0.462753, -0.821948, 41, 38
-0.334378, -0.894603, 41, 39
-0.188015, -0.942829, 41, 40
-0.0335302, -0.96072, 41, 41
0.117028, -0.947526, 41, 42
0.252876, -0.907993, 41, 43
0.3672, -0.85035, 41, 44
0.457884, -0.783377, 41, 45
0.526427, -0.714222, 41, 46
0.576261, -0.647554, 41, 47
0.611268, -0.585916, 41, 48
0.634943, -0.530413, 41, 49
-0.177232, -0.527479, 42, 0
-0.213996, -0.518502, 42, 1
-0.193147, -0.523247, 42, 2
-0.171683, -0.5265, 42, 3
-0.149745, -0.528065, 42, 4
-0.127631, -0.527718, 42, 5
-0.105688, -0.525239, 42, 6
-0.0843881, -0.520397, 42, 7
-0.0643498, -0.512959, 42, 8
-0.0464168, -0.502684, 42, 9
-0.0317867, -0.489303, 42, 10
-0.0222233, -0.47249, 42, 11
-0.0205564, -0.451723, 42, 12
-0.0317371, -0.425861, 42, 13
-0.0651877, -0.391501, 42, 14
-0.138583, -0.335937, 42, 15
-0.260705, -0.219506, 42, 16
-0.354144, -0.0459115, 42, 17
-0.391747, 0.0755855, 42, 18
-0.420564, 0.138586, 42, 19
-0.45279, 0.16842, 42, 20
-0.488281, 0.177949, 42, 21
-0.525438, 0.173061, 42, 22
-0.562773, 0.156756, 42, 23
-0.598998, 0.130822, 42, 24
-0.633012, 0.096389, 42, 25
-0.663815, 0.0543586, 42, 26
-0.690506, 0.00549603, 42, 27
-0.712249, -0.0495731, 42, 28
-0.728224, -0.110337, 42, 29
-0.737575, -0.176344, 42, 30
-0.739313, -0.247227, 42, 31
-0.732254, -0.322641, 42, 32
-0.714914, -0.402101, 42, 33
-0.685499, -0.484828, 42, 34
-0.641948, -0.569462, 42, 35
-0.582122, -0.653741, 42, 36
-0.504405, -0.734155, 42, 37
-0.408358, -0.805964, 42, 38
-0.295726, -0.863607, 42, 39
-0.170928, -0.901837, 42, 40
-0.0407887, -0.917246, 42, 41
0.0868011, -0.909489, 42, 42
0.204614, -0.881371, 42, 43
0.307533, -0.837948, 42, 44
0.393228, -0.785019, 42, 45
0.461717, -0.727856, 42, 46
0.514702, -0.670402, 42, 47
0.554526, -0.615281, 42, 48
0.583697, -0.563962, 42, 49
-0.18101, -0.519675, 43, 0
-0.220455, -0.509331, 43, 1
-0.202235, -0.513388, 43, 2
-0.183743, -0.516083, 43, 3
-0.165205, -0.517249, 43, 4
-0.146989, -0.516698, 43, 5
-0.129506, -0.514254, 43, 6
-0.113307, -0.509731, 43, 7
-0.0991127, -0.502939, 43, 8
-0.0879182, -0.493656, 43, 9
-0.0811266, -0.481599, 43, 10
-0.0806706, -0.466334, 43, 11
-0.0894952, -0.447015, 43, 12
-0.111921, -0.421784, 43, 13
-0.153876, -0.38627, 43, 14
-0.220186, -0.331101, 43, 15
-0.302934, -0.245053, 43, 16
-0.374659, -0.138113, 43, 17
-0.421565, -0.0446028, 43, 18
-0.454662, 0.0186317, 43, 19
-0.484208, 0.0549386, 43, 20
-0.513758, 0.071083, 43, 21
-0.543717, 0.0720128, 43, 22
-0.57346, 0.0608714, 43, 23
-0.602088, 0.0397019, 43, 24
-0.628671, 0.00990396, 43, 25
-0.652302, -0.0275394, 43, 26
-0.672113, -0.071717, 43, 27
-0.687275, -0.121945, 43, 28
-0.696959, -0.177595, 43, 29
-0.700291, -0.238153, 43, 30
-0.696313, -0.303035, 43, 31
-0.683939, -0.371671, 43, 32
-0.661914, -0.443318, 43, 33
-0.628884, -0.516875, 43, 34
-0.583409, -0.590822, 43, 35
-0.524308, -0.662931, 43, 36
-0.450919, -0.73024, 43, 37
-0.363627, -0.789152, 43, 38
-0.264238, -0.835855, 43, 39
-0.156293, -0.866957, 43, 40
-0.0446345, -0.880391, 43, 41
0.0653292, -0.875985, 43, 42
0.168475, -0.855516, 43, 43
0.261019, -0.822225, 43, 44
0.340778, -0.780048, 43, 45
0.407225, -0.732802, 43, 46
0.460958, -0.683691, 43, 47
0.503382, -0.635046, 43, 48
0.536161, -0.588458, 43, 49
-0.185085, -0.512368, 44, 0
-0.227114, -0.500704, 44, 1
-0.211293, -0.504159, 44, 2
-0.195514, -0.506358, 44, 3
-0.180081, -0.507147, 44, 4
-0.165322, -0.506383, 44, 5
-0.151712, -0.503906, 44, 6
-0.139841, -0.49955, 44, 7
-0.130472, -0.49313, 44, 8
-0.124608, -0.48441, 44, 9
-0.123592, -0.473053, 44, 10
-0.129167, -0.458509, 44, 11
-0.143618, -0.439791, 44, 12
-0.169725, -0.415041, 44, 13
-0.209908, -0.381031, 44, 14
-0.263937, -0.333354, 44, 15
-0.325289, -0.269856, 44, 16
-0.382327, -0.197058, 44, 17
-0.427824, -0.129005, 44, 18
-0.463274, -0.0763474, 44, 19
-0.49316, -0.0417875, 44, 20
-0.520543, -0.0236599, 44, 21
-0.546606, -0.0193798, 44, 22
-0.571464, -0.0266604, 44, 23
-0.594709, -0.0437417, 44, 24
-0.6157, -0.069302, 44, 25
-0.63372, -0.102284, 44, 26
-0.648016, -0.141815, 44, 27
-0.657843, -0.187121, 44, 28
-0.662416, -0.237522, 44, 29
-0.660932, -0.292389, 44, 30
-0.652519, -0.351049, 44, 31
-0.636267, -0.412745, 44, 32
-0.611169, -0.476584, 44, 33
-0.576228, -0.541364, 44, 34
-0.530562, -0.605548, 44, 35
-0.473515, -0.667166, 44, 36
-0.405063, -0.723751, 44, 37
-0.325864, -0.772628, 44, 38
-0.237666, -0.811069, 44, 39
-0.143193, -0.836855, 44, 40
-0.0460176, -0.848644, 44, 41
0.0499634, -0.846354, 44, 42
0.141103, -0.831154, 44, 43
0.224437, -0.805215, 44, 44
0.298204, -0.771244, 44, 45
0.361494, -0.732081, 44, 46
0.414502, -0.690186, 44, 47
0.457917, -0.647582, 44, 48
0.492802, -0.605759, 44, 49
-0.18926, -0.505584, 45, 0
-0.233739, -0.492664, 45, 1
-0.220075, -0.4956, 45, 2
-0.206746, -0.497359, 45, 3
-0.193986, -0.49783, 45, 4
-0.182209, -0.496868, 45, 5
-0.171865, -0.494337, 45, 6
-0.163521, -0.490081, 45, 7
-0.157923, -0.483911, 45, 8
-0.155985, -0.47558, 45, 9
-0.158814, -0.464741, 45, 10
-0.167775, -0.450841, 45, 11
-0.184416, -0.432991, 45, 12
-0.21017, -0.409822, 45, 13
-0.245643, -0.379507, 45, 14
-0.289513, -0.340394, 45, 15
-0.337619, -0.292769, 45, 16
-0.384169, -0.240657, 45, 17
-0.425009, -0.190997, 45, 18
-0.459417, -0.15002, 45, 19
-0.488808, -0.120914, 45, 20
-0.514816, -0.104182, 45, 21
-0.538426, -0.0989689, 45, 22
-0.559974, -0.104011, 45, 23
-0.579332, -0.118075, 45, 24
-0.596115, -0.14007, 45, 25
-0.609783, -0.169083, 45, 26
-0.619731, -0.204255, 45, 27
-0.625321, -0.244817, 45, 28
-0.625866, -0.290091, 45, 29
-0.620663, -0.339361, 45, 30
-0.608984, -0.391881, 45, 31
-0.590068, -0.446827, 45, 32
-0.563157, -0.503258, 45, 33
-0.527583, -0.559956, 45, 34
-0.482817, -0.615486, 45, 35
-0.428603, -0.668139, 45, 36
-0.365187, -0.715941, 45, 37
-0.293358, -0.756835, 45, 38
-0.214613, -0.788901, 45, 39
-0.13114, -0.810573, 45, 40
-0.0456194, -0.820957, 45, 41
0.0390376, -0.820007, 45, 42
0.12017, -0.808522, 45, 43
0.195489, -0.788, 45, 44
0.263442, -0.760367, 45, 45
0.323186, -0.727698, 45, 46
0.374538, -0.69193, 45, 47
0.417848, -0.654734, 45, 48
0.45374, -0.61742, 45, 49
-0.193395, -0.499332, 46, 0
-0.240089, -0.485255, 46, 1
-0.228362, -0.487744, 46, 2
-0.217135, -0.489146, 46, 3
-0.206704, -0.489348, 46, 4
-0.197422, -0.488233, 46, 5
-0.189729, -0.485673, 46, 6
-0.184163, -0.48152, 46, 7
-0.181356, -0.475601, 46, 8
-0.182082, -0.46768, 46, 9
-0.187222, -0.457435, 46, 10
-0.197738, -0.444403, 46, 11
-0.214535, -0.427937, 46, 12
-0.238256, -0.40719, 46, 13
-0.268803, -0.381298, 46, 14
-0.304866, -0.349858, 46, 15
-0.343817, -0.313702, 46, 16
-0.382413, -0.275411, 46, 17
-0.418054, -0.238877, 46, 18
-0.449637, -0.20788, 46, 19
-0.477277, -0.184971, 46, 20
-0.501589, -0.171226, 46, 21
-0.523103, -0.166681, 46, 22
-0.542061, -0.170812, 46, 23
-0.558422, -0.182877, 46, 24
-0.571932, -0.202091, 46, 25
-0.582192, -0.227708, 46, 26
-0.588728, -0.258973, 46, 27
-0.591006, -0.295151, 46, 28
-0.588449, -0.335585, 46, 29
-0.58048, -0.379522, 46, 30
-0.566493, -0.426239, 46, 31
-0.545911, -0.474864, 46, 32
-0.518176, -0.524468, 46, 33
-0.48286, -0.573901, 46, 34
-0.439665, -0.621887, 46, 35
-0.388626, -0.66695, 46, 36
-0.330078, -0.707519, 46, 37
-0.264815, -0.742023, 46, 38
-0.194174, -0.769016, 46, 39
-0.119855, -0.787406, 46, 40
-0.0439423, -0.796562, 46, 41
0.0314242, -0.796453, 46, 42
0.104102, -0.787637, 46, 43
0.1724, -0.771172, 46, 44
0.234971, -0.748451, 46, 45
0.291037, -0.72102, 46, 46
0.340242, -0.690395, 46, 47
0.382701, -0.65793, 46, 48
0.41879, -0.624763, 46, 49
-0.19735, -0.49362, 47, 0
-0.246034, -0.478493, 47, 1
-0.235995, -0.480616, 47, 2
-0.226598, -0.481727, 47, 3
-0.218102, -0.481734, 47, 4
-0.210857, -0.480528, 47, 5
-0.205254, -0.477997, 47, 6
-0.201768, -0.474009, 47, 7
-0.200935, -0.468408, 47, 8
-0.203364, -0.460993, 47, 9
-0.209697, -0.451509, 47, 10
-0.220572, -0.439618, 47, 11
-0.236497, -0.424906, 47, 12
-0.257672, -0.406933, 47, 13
-0.283784, -0.385386, 47, 14
-0.31377, -0.360375, 47, 15
-0.345922, -0.332743, 47, 16
-0.378213, -0.304249, 47, 17
-0.408919, -0.277283, 47, 18
-0.437007, -0.254241, 47, 19
-0.462107, -0.237008, 47, 20
-0.484265, -0.226651, 47, 21
-0.503624, -0.223566, 47, 22
-0.52026, -0.227646, 47, 23
-0.534107, -0.238492, 47, 24
-0.544952, -0.255607, 47, 25
-0.552492, -0.278389, 47, 26
-0.55632, -0.306231, 47, 27
-0.556021, -0.338465, 47, 28
-0.551129, -0.374447, 47, 29
-0.541163, -0.413487, 47, 30
-0.525657, -0.454852, 47, 31
-0.504159, -0.497713, 47, 32
-0.476311, -0.541176, 47, 33
-0.441843, -0.584192, 47, 34
-0.40065, -0.625644, 47, 35
-0.35286, -0.6643, 47, 36
-0.298891, -0.698887, 47, 37
-0.239508, -0.72818, 47, 38
-0.175811, -0.751089, 47, 39
-0.109209, -0.76681, 47, 40
-0.0412833, -0.774885, 47, 41
0.0262487, -0.775286, 47, 42
0.0917797, -0.768412, 47, 43
0.153911, -0.755029, 47, 44
0.211556, -0.736148, 47, 45
0.263976, -0.712964, 47, 46
0.310794, -0.686631, 47, 47
0.351973, -0.658254, 47, 48
0.387672, -0.628794, 47, 49
-0.201018, -0.488448, 48, 0
-0.251458, -0.472388, 48, 1
-0.242872, -0.474221, 48, 2
-0.234991, -0.475125, 48, 3
-0.228106, -0.475005, 48, 4
-0.222477, -0.473783, 48, 5
-0.21849, -0.47135, 48, 6
-0.216517, -0.467603, 48, 7
-0.217003, -0.462412, 48, 8
-0.220384, -0.45563, 48, 9
-0.22717, -0.447055, 48, 10
-0.237714, -0.43649, 48, 11
-0.252291, -0.423701, 48, 12
-0.2709, -0.408512, 48, 13
-0.293176, -0.390901, 48, 14
-0.318305, -0.371161, 48, 15
-0.345109, -0.35004, 48, 16
-0.372268, -0.328758, 48, 17
-0.398527, -0.308907, 48, 18
-0.423013, -0.292085, 48, 19
-0.445235, -0.27963, 48, 20
-0.464927, -0.272487, 48, 21
-0.482027, -0.271099, 48, 22
-0.496438, -0.275563, 48, 23
-0.508033, -0.285724, 48, 24
-0.516616, -0.301244, 48, 25
-0.521893, -0.321714, 48, 26
-0.523559, -0.346596, 48, 27
-0.52126, -0.375331, 48, 28
-0.514621, -0.407325, 48, 29
-0.503257, -0.441944, 48, 30
-0.48683, -0.478473, 48, 31
-0.464995, -0.51616, 48, 32
-0.43753, -0.554179, 48, 33
-0.404273, -0.5916, 48, 34
-0.365265, -0.627442, 48, 35
-0.320685, -0.660684, 48, 36
-0.270968, -0.690287, 48, 37
-0.216812, -0.715288, 48, 38
-0.159134, -0.734856, 48, 39
-0.0990769, -0.748364, 48, 40
-0.0379476, -0.755479, 48, 41
0.0229503, -0.756171, 48, 42
0.0823244, -0.75073, 48, 43
0.139038, -0.739709, 48, 44
0.192213, -0.723868, 48, 45
0.241151, -0.70412, 48, 46
0.285517, -0.68136, 48, 47
0.325118, -0.656498, 48, 48
0.360032, -0.630342, 48, 49
-0.20435, -0.483797, 49, 0
-0.256286, -0.466936, 49, 1
-0.248924, -0.468555, 49, 2
-0.242326, -0.469315, 49, 3
-0.236724, -0.469146, 49, 4
-0.232362, -0.467979, 49, 5
-0.229557, -0.465726, 49, 6
-0.228648, -0.462297, 49, 7
-0.229933, -0.457608, 49, 8
-0.233789, -0.451542, 49, 9
-0.240509, -0.44399, 49, 10
-0.250355, -0.434827, 49, 11
-0.26341, -0.423973, 49, 12
-0.279607, -0.411395, 49, 13
-0.298589, -0.39722, 49, 14
-0.319746, -0.38178, 49, 15
-0.342218, -0.365707, 49, 16
-0.36507, -0.349891, 49, 17
-0.387388, -0.335429, 49, 18
-0.408448, -0.323431, 49, 19
-0.427723, -0.31488, 49, 20
-0.444861, -0.310509, 49, 21
-0.45965, -0.310748, 49, 22
-0.471892, -0.315778, 49, 23
-0.48141, -0.325547, 49, 24
-0.487981, -0.33986, 49, 25
-0.491346, -0.358409, 49, 26
-0.491248, -0.380755, 49, 27
-0.487394, -0.406414, 49, 28
-0.479468, -0.434868, 49, 29
-0.467179, -0.465535, 49, 30
-0.450278, -0.497767, 49, 31
-0.428506, -0.530887, 49, 32
-0.401734, -0.564136, 49, 33
-0.369921, -0.5967, 49, 34
-0.333163, -0.627732, 49, 35
-0.291629, -0.65641, 49, 36
-0.24582, -0.681843, 49, 37
-0.196304, -0.703282, 49, 38
-0.143876, -0.720071, 49, 39
-0.0894724, -0.731733, 49, 40
-0.0341353, -0.73799, 49, 41
0.0210805, -0.738828, 49, 42
0.0751153, -0.734448, 49, 43
0.127075, -0.725258, 49, 44
0.176198, -0.711836, 49, 45
0.221881, -0.694888, 49, 46
0.263754, -0.675128, 49, 47
0.301649, -0.653273, 49, 48
0.335539, -0.629998, 49, 49
